0.0000000000000000e+00	0	0
0.0000000000000000e+00	50000	0
0.0000000000000000e+00	100000	0
0.0000000000000000e+00	150000	0
0.0000000000000000e+00	200000	0
0.0000000000000000e+00	250000	0
0.0000000000000000e+00	300000	0
0.0000000000000000e+00	350000	0
0.0000000000000000e+00	400000	0
0.0000000000000000e+00	450000	0
0.0000000000000000e+00	500000	0
0.0000000000000000e+00	550000	0
0.0000000000000000e+00	600000	0
0.0000000000000000e+00	650000	0
0.0000000000000000e+00	700000	0
0.0000000000000000e+00	750000	0
0.0000000000000000e+00	800000	0
0.0000000000000000e+00	850000	0
0.0000000000000000e+00	900000	0
0.0000000000000000e+00	950000	0
0.0000000000000000e+00	1000000	0
0.0000000000000000e+00	0	50000
1.4085715834752637e-04	50000	50000
2.7963702855238556e-04	100000	50000
4.1465165686577627e-04	150000	50000
5.4398217723213146e-04	200000	50000
6.6542213969028965e-04	250000	50000
7.7634222833904034e-04	300000	50000
8.7343498554527882e-04	350000	50000
9.5217837977569616e-04	400000	50000
1.0054896549432188e-03	450000	50000
1.0237457210897387e-03	500000	50000
1.0028594888641812e-03	550000	50000
9.4806685791636416e-04	600000	50000
8.6888490929387750e-04	650000	50000
7.7176750308287616e-04	700000	50000
6.6103853921047854e-04	750000	50000
5.3994874863698709e-04	800000	50000
4.1113281789834061e-04	850000	50000
2.7685093127160923e-04	900000	50000
1.3914808259372005e-04	950000	50000
0.0000000000000000e+00	1000000	50000
0.0000000000000000e+00	0	100000
2.7893230056533653e-04	50000	100000
5.5387242263316193e-04	100000	100000
8.2124764648260767e-04	150000	100000
1.0771069999992908e-03	200000	100000
1.3169300085451561e-03	250000	100000
1.5353281850893643e-03	300000	100000
1.7255429837346558e-03	350000	100000
1.8785283870344132e-03	400000	100000
1.9811587605410041e-03	450000	100000
2.0167942679654282e-03	500000	100000
1.9779375824607393e-03	550000	100000
1.8730482394416087e-03	600000	100000
1.7189032181926646e-03	650000	100000
1.5282679354250836e-03	700000	100000
1.3099438250692153e-03	750000	100000
1.0705763325535636e-03	800000	100000
8.1553480963428553e-04	850000	100000
5.4939899614379027e-04	900000	100000
2.7626958577302193e-04	950000	100000
0.0000000000000000e+00	1000000	100000
0.0000000000000000e+00	0	150000
4.1211800588630154e-04	50000	150000
8.1833803672618118e-04	100000	150000
1.2131032372367746e-03	150000	150000
1.5903258685710882e-03	200000	150000
1.9430707178296432e-03	250000	150000
2.2631103939241208e-03	300000	150000
2.5402481896572332e-03	350000	150000
2.7612339265170511e-03	400000	150000
2.9080087701721618e-03	450000	150000
2.9591141991938100e-03	500000	150000
2.9048082647255939e-03	550000	150000
2.7555130658352971e-03	600000	150000
2.5329278600400651e-03	650000	150000
2.2550020284498834e-03	700000	150000
1.9348290345611334e-03	750000	150000
1.5825041589491360e-03	800000	150000
1.2062270542234279e-03	850000	150000
8.1298019169682067e-04	900000	150000
4.0897911415206808e-04	950000	150000
0.0000000000000000e+00	1000000	150000
0.0000000000000000e+00	0	200000
5.3852665348900282e-04	50000	200000
1.0692245292768009e-03	100000	200000
1.5844930729538096e-03	150000	200000
2.0760494956945596e-03	200000	200000
2.5345122036155598e-03	250000	200000
2.9488537620779047e-03	300000	200000
3.3056396777192162e-03	350000	200000
3.5879439774886826e-03	400000	200000
3.7738357310151426e-03	450000	200000
3.8385355016495298e-03	500000	200000
3.7708560922170512e-03	550000	200000
3.5824627244906660e-03	600000	200000
3.2983868716529880e-03	650000	200000
2.9405886316491610e-03	700000	200000
2.5259353265530545e-03	750000	200000
2.0678038638900827e-03	800000	200000
1.5772039419159232e-03	850000	200000
1.0635537538414169e-03	900000	200000
5.3523291152384421e-04	950000	200000
0.0000000000000000e+00	1000000	200000
0.0000000000000000e+00	0	250000
6.5659501015964401e-04	50000	250000
1.3034225816356984e-03	100000	250000
1.9308249773446579e-03	150000	250000
2.5283297635836787e-03	200000	250000
3.0841629883479960e-03	250000	250000
3.5846471880943923e-03	300000	250000
4.0134289650878780e-03	350000	250000
4.3504837528855009e-03	400000	250000
4.5708824773521206e-03	450000	250000
4.6475011448776317e-03	500000	250000
4.5681919572338782e-03	550000	250000
4.3454497455908524e-03	600000	250000
4.0066270016517131e-03	650000	250000
3.5767439136027293e-03	700000	250000
3.0758350404378868e-03	750000	250000
2.5202403277142945e-03	800000	250000
1.9236368736315207e-03	850000	250000
1.2978299250343155e-03	900000	250000
6.5336221111320558e-04	950000	250000
0.0000000000000000e+00	1000000	250000
0.0000000000000000e+00	0	300000
7.6511060520142386e-04	50000	300000
1.5185477933190414e-03	100000	300000
2.2486374527256863e-03	150000	300000
2.9427882230297579e-03	200000	300000
3.5869624517248910e-03	250000	300000
4.1650570851501150e-03	300000	300000
4.6581641589017678e-03	350000	300000
5.0436956673412569e-03	400000	300000
5.2943979358332860e-03	450000	300000
5.3814431350882996e-03	500000	300000
5.2920165645936974e-03	550000	300000
5.0391941398336450e-03	600000	300000
4.6520001656727879e-03	650000	300000
4.1578000918985857e-03	700000	300000
3.5792305371748151e-03	750000	300000
2.9352180395055298e-03	800000	300000
2.2418812718727997e-03	850000	300000
1.5132873182645734e-03	900000	300000
7.6207828359585710e-04	950000	300000
0.0000000000000000e+00	1000000	300000
0.0000000000000000e+00	0	350000
8.6319098096275624e-04	50000	350000
1.7128834790374825e-03	100000	350000
2.5354821019130890e-03	150000	350000
3.3164042033211371e-03	200000	350000
4.0395312970213917e-03	250000	350000
4.6865977491071442e-03	300000	350000
5.2365042795761941e-03	350000	350000
5.6645613413418509e-03	400000	350000
5.9417000344820694e-03	450000	350000
6.0378210666115414e-03	500000	350000
5.9396278079640345e-03	550000	350000
5.6606191285937264e-03	600000	350000
5.2310595056646722e-03	650000	350000
4.6801299491818554e-03	700000	350000
4.0325858678703268e-03	750000	350000
3.3095638328149079e-03	800000	350000
2.5293560028905229e-03	850000	350000
1.7081094168914621e-03	900000	350000
8.6044373827601803e-04	950000	350000
0.0000000000000000e+00	1000000	350000
0.0000000000000000e+00	0	400000
9.5023712321492030e-04	50000	400000
1.8852781893546455e-03	100000	400000
2.7897495253025248e-03	150000	400000
3.6472494068300007e-03	200000	400000
4.4397960904405346e-03	250000	400000
5.1472379671074113e-03	300000	400000
5.7466246710730371e-03	350000	400000
6.2115534214707254e-03	400000	400000
6.5115280517620321e-03	450000	400000
6.6154808692367294e-03	500000	400000
6.5097559842757398e-03	550000	400000
6.2081685097496973e-03	600000	400000
5.7419231515733410e-03	650000	400000
5.1416190448482606e-03	700000	400000
4.4337287634761040e-03	750000	400000
3.6412481227901931e-03	800000	400000
2.7843606692846221e-03	850000	400000
1.8810753686945225e-03	900000	400000
9.4782131158940646e-04	950000	400000
0.0000000000000000e+00	1000000	400000
0.0000000000000000e+00	0	450000
1.0258763907598344e-03	50000	450000
2.0350267458006627e-03	100000	450000
3.0104807644371714e-03	150000	450000
3.9342221318155908e-03	200000	450000
4.7866432822499813e-03	250000	450000
5.5459825716601806e-03	300000	450000
6.1877491931361470e-03	350000	450000
6.6841531597007977e-03	400000	450000
7.0035730438433507e-03	450000	450000
7.1141944927576089e-03	500000	450000
7.0020883083810048e-03	550000	450000
6.6813096075267562e-03	600000	450000
6.1837847967337860e-03	650000	450000
5.5412249878122027e-03	700000	450000
4.7814861566967118e-03	750000	450000
3.9291054307501140e-03	800000	450000
3.0058772908123782e-03	850000	450000
2.0314342566412581e-03	900000	450000
1.0238130346058444e-03	950000	450000
0.0000000000000000e+00	1000000	450000
0.0000000000000000e+00	0	500000
1.0899050052796189e-03	50000	500000
2.1617535234570657e-03	100000	500000
3.1971894078978713e-03	150000	500000
4.1768081997032060e-03	200000	500000
5.0796238569510216e-03	250000	500000
5.8825332986806780e-03	300000	500000
6.5597875241387793e-03	350000	500000
7.0824867231666028e-03	400000	500000
7.4181265252781427e-03	450000	500000
7.5343156614332153e-03	500000	500000
7.4169152384900468e-03	550000	500000
7.0801628566771885e-03	600000	500000
6.5565395648508043e-03	650000	500000
5.8786245410133338e-03	700000	500000
5.0753755089709227e-03	750000	500000
4.1725840252139343e-03	800000	500000
3.1933836746746982e-03	850000	500000
2.1587822871392474e-03	900000	500000
1.0881994745409794e-03	950000	500000
0.0000000000000000e+00	1000000	500000
0.0000000000000000e+00	0	550000
1.1422358767603205e-03	50000	550000
2.2653082938135409e-03	100000	550000
3.3497067841770263e-03	150000	550000
4.3748793074851692e-03	200000	550000
5.3187125627017079e-03	250000	550000
6.1570211703598395e-03	300000	550000
6.8630561233390701e-03	350000	550000
7.4070488759752917e-03	400000	550000
7.7558133927693035e-03	450000	550000
7.8765175131132962e-03	500000	550000
7.7548622943077461e-03	550000	550000
7.4052221015751298e-03	600000	550000
6.8604986841097615e-03	650000	550000
6.1539375928916281e-03	700000	550000
5.3153549709925663e-03	750000	550000
4.3715358390223899e-03	800000	550000
3.3466916326891118e-03	850000	550000
2.2629536093697819e-03	900000	550000
1.1408848660472680e-03	950000	550000
0.0000000000000000e+00	1000000	550000
0.0000000000000000e+00	0	600000
1.1828544975815917e-03	50000	600000
2.3456791318656818e-03	100000	600000
3.4680546708752424e-03	150000	600000
4.5285306230335763e-03	200000	600000
5.5041182225454097e-03	250000	600000
6.3697997984339880e-03	300000	600000
7.0980656151099723e-03	350000	600000
7.6584932969719294e-03	400000	600000
8.0173884869135011e-03	450000	600000
8.1415921393272334e-03	500000	600000
8.0166860125034413e-03	550000	600000
7.6571430540575726e-03	600000	600000
7.0961732526107109e-03	650000	600000
6.3675152721327458e-03	700000	600000
5.5016276679596479e-03	750000	600000
4.5260480697420129e-03	800000	600000
3.4658144689797832e-03	850000	600000
2.3439293368111382e-03	900000	600000
1.1818508873562947e-03	950000	600000
0.0000000000000000e+00	1000000	600000
0.0000000000000000e+00	0	650000
1.2117837534121089e-03	50000	650000
2.4029234372554592e-03	100000	650000
3.5523455970158050e-03	150000	650000
4.6379552946926913e-03	200000	650000
5.6361391752283987e-03	250000	650000
6.5212896654357165e-03	300000	650000
7.2653616347761211e-03	350000	650000
7.8374755917349388e-03	400000	650000
8.2035835718291001e-03	450000	650000
8.3302993823178625e-03	500000	650000
8.2031205513113329e-03	550000	650000
7.8365851985941429e-03	600000	650000
7.2641129034351805e-03	650000	650000
6.5197809709607911e-03	700000	650000
5.6344931612057388e-03	750000	650000
4.6363135344715777e-03	800000	650000
3.5508635169261126e-03	850000	650000
2.4017656873313226e-03	900000	650000
1.2111198760000855e-03	950000	650000
0.0000000000000000e+00	1000000	650000
0.0000000000000000e+00	0	700000
1.2290575022696540e-03	50000	700000
2.4371163896718799e-03	100000	700000
3.6027088767132689e-03	150000	700000
4.7033521358678118e-03	200000	700000
5.7150578053900983e-03	250000	700000
6.6118652081509823e-03	300000	700000
7.3654096853601522e-03	350000	700000
7.9445394793963130e-03	400000	700000
8.3149959099976089e-03	450000	700000
8.4432564779045559e-03	500000	700000
8.3147660130085347e-03	550000	700000
7.9440972739710097e-03	600000	700000
7.3647892843105734e-03	650000	700000
6.6111153284279115e-03	700000	700000
5.7142393281373700e-03	750000	700000
4.7025354908420474e-03	800000	700000
3.6019714993705534e-03	850000	700000
2.4365403478682824e-03	900000	700000
1.2287272358674939e-03	950000	700000
0.0000000000000000e+00	1000000	700000
0.0000000000000000e+00	0	750000
1.2347023766396807e-03	50000	750000
2.4483155472288781e-03	100000	750000
3.6192400222817586e-03	150000	750000
4.7248627940865281e-03	200000	750000
5.7410690744770232e-03	250000	750000
6.6417785104028373e-03	300000	750000
7.3985173293008325e-03	350000	750000
7.9800396779178481e-03	400000	750000
8.3520124853338953e-03	450000	750000
8.4808628668940657e-03	500000	750000
8.3520124853338935e-03	550000	750000
7.9800396779178464e-03	600000	750000
7.3985173293008308e-03	650000	750000
6.6417785104028347e-03	700000	750000
5.7410690744770206e-03	750000	750000
4.7248627940865272e-03	800000	750000
3.6192400222817582e-03	850000	750000
2.4483155472288781e-03	900000	750000
1.2347023766396807e-03	950000	750000
0.0000000000000000e+00	1000000	750000
0.0000000000000000e+00	0	800000
1.2287272358674948e-03	50000	800000
2.4365403478682837e-03	100000	800000
3.6019714993705560e-03	150000	800000
4.7025354908420509e-03	200000	800000
5.7142393281373761e-03	250000	800000
6.6111153284279175e-03	300000	800000
7.3647892843105803e-03	350000	800000
7.9440972739710184e-03	400000	800000
8.3147660130085399e-03	450000	800000
8.4432564779045594e-03	500000	800000
8.3149959099976141e-03	550000	800000
7.9445394793963182e-03	600000	800000
7.3654096853601556e-03	650000	800000
6.6118652081509858e-03	700000	800000
5.7150578053901009e-03	750000	800000
4.7033521358678136e-03	800000	800000
3.6027088767132710e-03	850000	800000
2.4371163896718816e-03	900000	800000
1.2290575022696544e-03	950000	800000
0.0000000000000000e+00	1000000	800000
0.0000000000000000e+00	0	850000
1.2111198760000866e-03	50000	850000
2.4017656873313248e-03	100000	850000
3.5508635169261161e-03	150000	850000
4.6363135344715820e-03	200000	850000
5.6344931612057466e-03	250000	850000
6.5197809709607998e-03	300000	850000
7.2641129034351900e-03	350000	850000
7.8365851985941534e-03	400000	850000
8.2031205513113398e-03	450000	850000
8.3302993823178711e-03	500000	850000
8.2035835718291105e-03	550000	850000
7.8374755917349458e-03	600000	850000
7.2653616347761263e-03	650000	850000
6.5212896654357226e-03	700000	850000
5.6361391752284030e-03	750000	850000
4.6379552946926948e-03	800000	850000
3.5523455970158076e-03	850000	850000
2.4029234372554623e-03	900000	850000
1.2117837534121106e-03	950000	850000
0.0000000000000000e+00	1000000	850000
0.0000000000000000e+00	0	900000
1.1818508873562958e-03	50000	900000
2.3439293368111408e-03	100000	900000
3.4658144689797875e-03	150000	900000
4.5260480697420190e-03	200000	900000
5.5016276679596557e-03	250000	900000
6.3675152721327545e-03	300000	900000
7.0961732526107222e-03	350000	900000
7.6571430540575839e-03	400000	900000
8.0166860125034534e-03	450000	900000
8.1415921393272438e-03	500000	900000
8.0173884869135098e-03	550000	900000
7.6584932969719355e-03	600000	900000
7.0980656151099792e-03	650000	900000
6.3697997984339949e-03	700000	900000
5.5041182225454158e-03	750000	900000
4.5285306230335824e-03	800000	900000
3.4680546708752468e-03	850000	900000
2.3456791318656844e-03	900000	900000
1.1828544975815930e-03	950000	900000
0.0000000000000000e+00	1000000	900000
0.0000000000000000e+00	0	950000
1.1408848660472693e-03	50000	950000
2.2629536093697845e-03	100000	950000
3.3466916326891174e-03	150000	950000
4.3715358390223969e-03	200000	950000
5.3153549709925750e-03	250000	950000
6.1539375928916385e-03	300000	950000
6.8604986841097736e-03	350000	950000
7.4052221015751410e-03	400000	950000
7.7548622943077608e-03	450000	950000
7.8765175131133083e-03	500000	950000
7.7558133927693139e-03	550000	950000
7.4070488759753004e-03	600000	950000
6.8630561233390796e-03	650000	950000
6.1570211703598490e-03	700000	950000
5.3187125627017131e-03	750000	950000
4.3748793074851744e-03	800000	950000
3.3497067841770298e-03	850000	950000
2.2653082938135427e-03	900000	950000
1.1422358767603214e-03	950000	950000
0.0000000000000000e+00	1000000	950000
0.0000000000000000e+00	0	1000000
1.0881994745409807e-03	50000	1000000
2.1587822871392505e-03	100000	1000000
3.1933836746747034e-03	150000	1000000
4.1725840252139412e-03	200000	1000000
5.0753755089709305e-03	250000	1000000
5.8786245410133451e-03	300000	1000000
6.5565395648508173e-03	350000	1000000
7.0801628566772015e-03	400000	1000000
7.4169152384900624e-03	450000	1000000
7.5343156614332274e-03	500000	1000000
7.4181265252781549e-03	550000	1000000
7.0824867231666132e-03	600000	1000000
6.5597875241387889e-03	650000	1000000
5.8825332986806866e-03	700000	1000000
5.0796238569510276e-03	750000	1000000
4.1768081997032120e-03	800000	1000000
3.1971894078978744e-03	850000	1000000
2.1617535234570670e-03	900000	1000000
1.0899050052796196e-03	950000	1000000
0.0000000000000000e+00	1000000	1000000
0.0000000000000000e+00	0	1050000
1.0238130346058457e-03	50000	1050000
2.0314342566412611e-03	100000	1050000
3.0058772908123821e-03	150000	1050000
3.9291054307501200e-03	200000	1050000
4.7814861566967196e-03	250000	1050000
5.5412249878122122e-03	300000	1050000
6.1837847967337982e-03	350000	1050000
6.6813096075267727e-03	400000	1050000
7.0020883083810204e-03	450000	1050000
7.1141944927576237e-03	500000	1050000
7.0035730438433638e-03	550000	1050000
6.6841531597008081e-03	600000	1050000
6.1877491931361566e-03	650000	1050000
5.5459825716601902e-03	700000	1050000
4.7866432822499892e-03	750000	1050000
3.9342221318155960e-03	800000	1050000
3.0104807644371740e-03	850000	1050000
2.0350267458006644e-03	900000	1050000
1.0258763907598351e-03	950000	1050000
0.0000000000000000e+00	1000000	1050000
0.0000000000000000e+00	0	1100000
9.4782131158940809e-04	50000	1100000
1.8810753686945253e-03	100000	1100000
2.7843606692846256e-03	150000	1100000
3.6412481227901983e-03	200000	1100000
4.4337287634761110e-03	250000	1100000
5.1416190448482684e-03	300000	1100000
5.7419231515733506e-03	350000	1100000
6.2081685097497095e-03	400000	1100000
6.5097559842757528e-03	450000	1100000
6.6154808692367433e-03	500000	1100000
6.5115280517620425e-03	550000	1100000
6.2115534214707340e-03	600000	1100000
5.7466246710730492e-03	650000	1100000
5.1472379671074217e-03	700000	1100000
4.4397960904405424e-03	750000	1100000
3.6472494068300059e-03	800000	1100000
2.7897495253025283e-03	850000	1100000
1.8852781893546474e-03	900000	1100000
9.5023712321492117e-04	950000	1100000
0.0000000000000000e+00	1000000	1100000
0.0000000000000000e+00	0	1150000
8.6044373827601944e-04	50000	1150000
1.7081094168914645e-03	100000	1150000
2.5293560028905263e-03	150000	1150000
3.3095638328149127e-03	200000	1150000
4.0325858678703320e-03	250000	1150000
4.6801299491818615e-03	300000	1150000
5.2310595056646817e-03	350000	1150000
5.6606191285937376e-03	400000	1150000
5.9396278079640466e-03	450000	1150000
6.0378210666115527e-03	500000	1150000
5.9417000344820798e-03	550000	1150000
5.6645613413418595e-03	600000	1150000
5.2365042795762054e-03	650000	1150000
4.6865977491071537e-03	700000	1150000
4.0395312970213986e-03	750000	1150000
3.3164042033211418e-03	800000	1150000
2.5354821019130920e-03	850000	1150000
1.7128834790374845e-03	900000	1150000
8.6319098096275743e-04	950000	1150000
0.0000000000000000e+00	1000000	1150000
0.0000000000000000e+00	0	1200000
7.6207828359585829e-04	50000	1200000
1.5132873182645758e-03	100000	1200000
2.2418812718728032e-03	150000	1200000
2.9352180395055332e-03	200000	1200000
3.5792305371748203e-03	250000	1200000
4.1578000918985909e-03	300000	1200000
4.6520001656727957e-03	350000	1200000
5.0391941398336545e-03	400000	1200000
5.2920165645937061e-03	450000	1200000
5.3814431350883091e-03	500000	1200000
5.2943979358332947e-03	550000	1200000
5.0436956673412655e-03	600000	1200000
4.6581641589017765e-03	650000	1200000
4.1650570851501237e-03	700000	1200000
3.5869624517248983e-03	750000	1200000
2.9427882230297631e-03	800000	1200000
2.2486374527256893e-03	850000	1200000
1.5185477933190434e-03	900000	1200000
7.6511060520142494e-04	950000	1200000
0.0000000000000000e+00	1000000	1200000
0.0000000000000000e+00	0	1250000
6.5336221111320667e-04	50000	1250000
1.2978299250343177e-03	100000	1250000
1.9236368736315237e-03	150000	1250000
2.5202403277142980e-03	200000	1250000
3.0758350404378903e-03	250000	1250000
3.5767439136027328e-03	300000	1250000
4.0066270016517174e-03	350000	1250000
4.3454497455908576e-03	400000	1250000
4.5681919572338843e-03	450000	1250000
4.6475011448776395e-03	500000	1250000
4.5708824773521275e-03	550000	1250000
4.3504837528855079e-03	600000	1250000
4.0134289650878840e-03	650000	1250000
3.5846471880943975e-03	700000	1250000
3.0841629883480012e-03	750000	1250000
2.5283297635836821e-03	800000	1250000
1.9308249773446605e-03	850000	1250000
1.3034225816356999e-03	900000	1250000
6.5659501015964499e-04	950000	1250000
0.0000000000000000e+00	1000000	1250000
0.0000000000000000e+00	0	1300000
5.3523291152384497e-04	50000	1300000
1.0635537538414184e-03	100000	1300000
1.5772039419159254e-03	150000	1300000
2.0678038638900858e-03	200000	1300000
2.5259353265530572e-03	250000	1300000
2.9405886316491640e-03	300000	1300000
3.2983868716529915e-03	350000	1300000
3.5824627244906704e-03	400000	1300000
3.7708560922170556e-03	450000	1300000
3.8385355016495341e-03	500000	1300000
3.7738357310151457e-03	550000	1300000
3.5879439774886869e-03	600000	1300000
3.3056396777192206e-03	650000	1300000
2.9488537620779081e-03	700000	1300000
2.5345122036155637e-03	750000	1300000
2.0760494956945622e-03	800000	1300000
1.5844930729538120e-03	850000	1300000
1.0692245292768024e-03	900000	1300000
5.3852665348900347e-04	950000	1300000
0.0000000000000000e+00	1000000	1300000
0.0000000000000000e+00	0	1350000
4.0897911415206862e-04	50000	1350000
8.1298019169682176e-04	100000	1350000
1.2062270542234296e-03	150000	1350000
1.5825041589491379e-03	200000	1350000
1.9348290345611360e-03	250000	1350000
2.2550020284498856e-03	300000	1350000
2.5329278600400682e-03	350000	1350000
2.7555130658352997e-03	400000	1350000
2.9048082647255961e-03	450000	1350000
2.9591141991938130e-03	500000	1350000
2.9080087701721636e-03	550000	1350000
2.7612339265170537e-03	600000	1350000
2.5402481896572358e-03	650000	1350000
2.2631103939241234e-03	700000	1350000
1.9430707178296461e-03	750000	1350000
1.5903258685710906e-03	800000	1350000
1.2131032372367761e-03	850000	1350000
8.1833803672618215e-04	900000	1350000
4.1211800588630186e-04	950000	1350000
0.0000000000000000e+00	1000000	1350000
0.0000000000000000e+00	0	1400000
2.7626958577302231e-04	50000	1400000
5.4939899614379103e-04	100000	1400000
8.1553480963428673e-04	150000	1400000
1.0705763325535651e-03	200000	1400000
1.3099438250692170e-03	250000	1400000
1.5282679354250851e-03	300000	1400000
1.7189032181926665e-03	350000	1400000
1.8730482394416104e-03	400000	1400000
1.9779375824607410e-03	450000	1400000
2.0167942679654304e-03	500000	1400000
1.9811587605410054e-03	550000	1400000
1.8785283870344145e-03	600000	1400000
1.7255429837346580e-03	650000	1400000
1.5353281850893660e-03	700000	1400000
1.3169300085451579e-03	750000	1400000
1.0771069999992923e-03	800000	1400000
8.2124764648260865e-04	850000	1400000
5.5387242263316269e-04	900000	1400000
2.7893230056533691e-04	950000	1400000
0.0000000000000000e+00	1000000	1400000
0.0000000000000000e+00	0	1450000
1.3914808259372024e-04	50000	1450000
2.7685093127160961e-04	100000	1450000
4.1113281789834116e-04	150000	1450000
5.3994874863698774e-04	200000	1450000
6.6103853921047940e-04	250000	1450000
7.7176750308287692e-04	300000	1450000
8.6888490929387869e-04	350000	1450000
9.4806685791636513e-04	400000	1450000
1.0028594888641820e-03	450000	1450000
1.0237457210897395e-03	500000	1450000
1.0054896549432197e-03	550000	1450000
9.5217837977569692e-04	600000	1450000
8.7343498554527991e-04	650000	1450000
7.7634222833904132e-04	700000	1450000
6.6542213969029052e-04	750000	1450000
5.4398217723213211e-04	800000	1450000
4.1465165686577682e-04	850000	1450000
2.7963702855238589e-04	900000	1450000
1.4085715834752656e-04	950000	1450000
0.0000000000000000e+00	1000000	1450000
0.0000000000000000e+00	0	1500000
0.0000000000000000e+00	50000	1500000
0.0000000000000000e+00	100000	1500000
0.0000000000000000e+00	150000	1500000
0.0000000000000000e+00	200000	1500000
0.0000000000000000e+00	250000	1500000
0.0000000000000000e+00	300000	1500000
0.0000000000000000e+00	350000	1500000
0.0000000000000000e+00	400000	1500000
0.0000000000000000e+00	450000	1500000
0.0000000000000000e+00	500000	1500000
0.0000000000000000e+00	550000	1500000
0.0000000000000000e+00	600000	1500000
0.0000000000000000e+00	650000	1500000
0.0000000000000000e+00	700000	1500000
0.0000000000000000e+00	750000	1500000
0.0000000000000000e+00	800000	1500000
0.0000000000000000e+00	850000	1500000
0.0000000000000000e+00	900000	1500000
0.0000000000000000e+00	950000	1500000
0.0000000000000000e+00	1000000	1500000
