0.0000000000000000e+00	0	0
0.0000000000000000e+00	50000	0
0.0000000000000000e+00	100000	0
0.0000000000000000e+00	150000	0
0.0000000000000000e+00	200000	0
0.0000000000000000e+00	250000	0
0.0000000000000000e+00	300000	0
0.0000000000000000e+00	350000	0
0.0000000000000000e+00	400000	0
0.0000000000000000e+00	450000	0
0.0000000000000000e+00	500000	0
0.0000000000000000e+00	550000	0
0.0000000000000000e+00	600000	0
0.0000000000000000e+00	650000	0
0.0000000000000000e+00	700000	0
0.0000000000000000e+00	750000	0
0.0000000000000000e+00	800000	0
0.0000000000000000e+00	850000	0
0.0000000000000000e+00	900000	0
0.0000000000000000e+00	950000	0
0.0000000000000000e+00	1000000	0
0.0000000000000000e+00	0	50000
1.4966073074424669e-04	50000	50000
2.9711434283690948e-04	100000	50000
4.4056738541988708e-04	150000	50000
5.7798106330913949e-04	200000	50000
7.0701102342093274e-04	250000	50000
8.2486361761023022e-04	300000	50000
9.2802467214185829e-04	350000	50000
1.0116895285116766e-03	400000	50000
1.0683327583771694e-03	450000	50000
1.0877298286578469e-03	500000	50000
1.0655382069181920e-03	550000	50000
1.0073210365361366e-03	600000	50000
9.2319021612474457e-04	650000	50000
8.2000297202555576e-04	700000	50000
7.0235344791113317e-04	750000	50000
5.7369554542679850e-04	800000	50000
4.3682861901698681e-04	850000	50000
2.9415411447608473e-04	900000	50000
1.4784483775582755e-04	950000	50000
0.0000000000000000e+00	1000000	50000
0.0000000000000000e+00	0	100000
2.9636556935066989e-04	50000	100000
5.8848944904773431e-04	100000	100000
8.7257562438777022e-04	150000	100000
1.1444261874992458e-03	200000	100000
1.3992381340792275e-03	250000	100000
1.6312861966574486e-03	300000	100000
1.8333894202180706e-03	350000	100000
1.9959364112240624e-03	400000	100000
2.1049811830748154e-03	450000	100000
2.1428439097132671e-03	500000	100000
2.1015586813645346e-03	550000	100000
1.9901137544067085e-03	600000	100000
1.8263346693297060e-03	650000	100000
1.6237846813891511e-03	700000	100000
1.3918153141360410e-03	750000	100000
1.1374873533381610e-03	800000	100000
8.6650573523642843e-04	850000	100000
5.8373643340277716e-04	900000	100000
2.9353643488383581e-04	950000	100000
0.0000000000000000e+00	1000000	100000
0.0000000000000000e+00	0	150000
4.3787538125419505e-04	50000	150000
8.6948416402156717e-04	100000	150000
1.2889221895640726e-03	150000	150000
1.6897212353567804e-03	200000	150000
2.0645126376939949e-03	250000	150000
2.4045547935443771e-03	300000	150000
2.6990137015108088e-03	350000	150000
2.9338110469243643e-03	400000	150000
3.0897593183079192e-03	450000	150000
3.1440588366434211e-03	500000	150000
3.0863587812709412e-03	550000	150000
2.9277326324500014e-03	600000	150000
2.6912358512925687e-03	650000	150000
2.3959396552280009e-03	700000	150000
2.0557558492212045e-03	750000	150000
1.6814106688834566e-03	800000	150000
1.2816162451123919e-03	850000	150000
8.6379145367787200e-04	900000	150000
4.3454030878657229e-04	950000	150000
0.0000000000000000e+00	1000000	150000
0.0000000000000000e+00	0	200000
5.7218456933206521e-04	50000	200000
1.1360510623566007e-03	100000	200000
1.6835238900134223e-03	150000	200000
2.2058025891754686e-03	200000	200000
2.6929192163415313e-03	250000	200000
3.1331571222077714e-03	300000	200000
3.5122421575766644e-03	350000	200000
3.8121904760817227e-03	400000	200000
4.0097004642035868e-03	450000	200000
4.0784439705026229e-03	500000	200000
4.0065345979806146e-03	550000	200000
3.8063666447713312e-03	600000	200000
3.5045360511312988e-03	650000	200000
3.1243754211272333e-03	700000	200000
2.6838062844626205e-03	750000	200000
2.1970416053832126e-03	800000	200000
1.6757791882856686e-03	850000	200000
1.1300258634565055e-03	900000	200000
5.6868496849408437e-04	950000	200000
0.0000000000000000e+00	1000000	200000
0.0000000000000000e+00	0	250000
6.9763219829462140e-04	50000	250000
1.3848864929879290e-03	100000	250000
2.0515015384286986e-03	150000	250000
2.6863503738076577e-03	200000	250000
3.2769231751197453e-03	250000	250000
3.8086876373502891e-03	300000	250000
4.2642682754058673e-03	350000	250000
4.6223889874408407e-03	400000	250000
4.8565626321866269e-03	450000	250000
4.9379699664324813e-03	500000	250000
4.8537039545609928e-03	550000	250000
4.6170403546902782e-03	600000	250000
4.2570411892549438e-03	650000	250000
3.8002904082028990e-03	700000	250000
3.2680747304652544e-03	750000	250000
2.6777553481964374e-03	800000	250000
2.0438641782334903e-03	850000	250000
1.3789442953489604e-03	900000	250000
6.9419734930778107e-04	950000	250000
0.0000000000000000e+00	1000000	250000
0.0000000000000000e+00	0	300000
8.1293001802651248e-04	50000	300000
1.6134570304014808e-03	100000	300000
2.3891772935210414e-03	150000	300000
3.1267124869691172e-03	200000	300000
3.8111476049576963e-03	250000	300000
4.4253731529719960e-03	300000	300000
4.9492994188331261e-03	350000	300000
5.3589266465500843e-03	400000	300000
5.6252978068228642e-03	450000	300000
5.7177833310313149e-03	500000	300000
5.6227675998808012e-03	550000	300000
5.3541437735732476e-03	600000	300000
4.9427501760273369e-03	650000	300000
4.4176625976422475e-03	700000	300000
3.8029324457482415e-03	750000	300000
3.1186691669746248e-03	800000	300000
2.3819988513648499e-03	850000	300000
1.6078677756561095e-03	900000	300000
8.0970817632059812e-04	950000	300000
0.0000000000000000e+00	1000000	300000
0.0000000000000000e+00	0	350000
9.1714041727292822e-04	50000	350000
1.8199386964773243e-03	100000	350000
2.6939497332826561e-03	150000	350000
3.5236794660287066e-03	200000	350000
4.2920020030852270e-03	250000	350000
4.9795101084263394e-03	300000	350000
5.5637857970497039e-03	350000	350000
6.0185964251757125e-03	400000	350000
6.3130562866371958e-03	450000	350000
6.4151848832747606e-03	500000	350000
6.3108545459617848e-03	550000	350000
6.0144078241308307e-03	600000	350000
5.5580007247687134e-03	650000	350000
4.9726380710057201e-03	700000	350000
4.2846224846122220e-03	750000	350000
3.5164115723658397e-03	800000	350000
2.6874407530711811e-03	850000	350000
1.8148662554471786e-03	900000	350000
9.1422147191826911e-04	950000	350000
0.0000000000000000e+00	1000000	350000
0.0000000000000000e+00	0	400000
1.0096269434158524e-03	50000	400000
2.0031080761893100e-03	100000	400000
2.9641088706339309e-03	150000	400000
3.8752024947568738e-03	200000	400000
4.7172833460930666e-03	250000	400000
5.4689403400516217e-03	300000	400000
6.1057887130150984e-03	350000	400000
6.5997755103126407e-03	400000	400000
6.9184985549971545e-03	450000	400000
7.0289484235640225e-03	500000	400000
6.9166157332929707e-03	550000	400000
6.5961790416090519e-03	600000	400000
6.1007933485466735e-03	650000	400000
5.4629702351512771e-03	700000	400000
4.7108368111933611e-03	750000	400000
3.8688261304645802e-03	800000	400000
2.9583832111149105e-03	850000	400000
1.9986425792379299e-03	900000	400000
1.0070601435637446e-03	950000	400000
0.0000000000000000e+00	1000000	400000
0.0000000000000000e+00	0	450000
1.0899936651823238e-03	50000	450000
2.1622159174132034e-03	100000	450000
3.1986358122144936e-03	150000	450000
4.1801110150540641e-03	200000	450000
5.0858084873906025e-03	250000	450000
5.8926064823889394e-03	300000	450000
6.5744835177071522e-03	350000	450000
7.1019127321820929e-03	400000	450000
7.4412963590835554e-03	450000	450000
7.5588316485549556e-03	500000	450000
7.4397188276548133e-03	550000	450000
7.0988914579971779e-03	600000	450000
6.5702713465296478e-03	650000	450000
5.8875515495504654e-03	700000	450000
5.0803290414902572e-03	750000	450000
4.1746745201719964e-03	800000	450000
3.1937446214881518e-03	850000	450000
2.1583988976813374e-03	900000	450000
1.0878013492687097e-03	950000	450000
0.0000000000000000e+00	1000000	450000
0.0000000000000000e+00	0	500000
1.1580240681095947e-03	50000	500000
2.2968631186731322e-03	100000	500000
3.3970137458914874e-03	150000	500000
4.4378587121846561e-03	200000	500000
5.3971003480104592e-03	250000	500000
6.2501916298482174e-03	300000	500000
6.9697742443974500e-03	350000	500000
7.5251421433645115e-03	400000	500000
7.8817594331080237e-03	450000	500000
8.0052103902727868e-03	500000	500000
7.8804724408956719e-03	550000	500000
7.5226730352195093e-03	600000	500000
6.9663232876539787e-03	650000	500000
6.2460385748266678e-03	700000	500000
5.3925864782816049e-03	750000	500000
4.4333705267898043e-03	800000	500000
3.3929701543418665e-03	850000	500000
2.2937061800854504e-03	900000	500000
1.1562119416997905e-03	950000	500000
0.0000000000000000e+00	1000000	500000
0.0000000000000000e+00	0	550000
1.2136256190578398e-03	50000	550000
2.4068900621768857e-03	100000	550000
3.5590634581880889e-03	150000	550000
4.6483092642029909e-03	200000	550000
5.6511320978705629e-03	250000	550000
6.5418349935073275e-03	300000	550000
7.2919971310477583e-03	350000	550000
7.8699894307237422e-03	400000	550000
8.2405517298173806e-03	450000	550000
8.3687998576828723e-03	500000	550000
8.2395411877019768e-03	550000	550000
7.8680484829235699e-03	600000	550000
7.2892798518666172e-03	650000	550000
6.5385586924473528e-03	700000	550000
5.6475646566796012e-03	750000	550000
4.6447568289612875e-03	800000	550000
3.5558598597321802e-03	850000	550000
2.4043882099553933e-03	900000	550000
1.2121901701752219e-03	950000	550000
0.0000000000000000e+00	1000000	550000
0.0000000000000000e+00	0	600000
1.2567829036804407e-03	50000	600000
2.4922840776072852e-03	100000	600000
3.6848080878049434e-03	150000	600000
4.8115637869731720e-03	200000	600000
5.8481256114544956e-03	250000	600000
6.7679122858361092e-03	300000	600000
7.5416947160543415e-03	350000	600000
8.1371491280326693e-03	400000	600000
8.5184752673455894e-03	450000	600000
8.6504416480351811e-03	500000	600000
8.5177288882849027e-03	550000	600000
8.1357144949361689e-03	600000	600000
7.5396840808988775e-03	650000	600000
6.7654849766410384e-03	700000	600000
5.8454793972071229e-03	750000	600000
4.8089260741008858e-03	800000	600000
3.6824278732910170e-03	850000	600000
2.4904249203618334e-03	900000	600000
1.2557165678160624e-03	950000	600000
0.0000000000000000e+00	1000000	600000
0.0000000000000000e+00	0	650000
1.2875202380003650e-03	50000	650000
2.5531061520839234e-03	100000	650000
3.7743671968292905e-03	150000	650000
4.9278275006109807e-03	200000	650000
5.9883978736801685e-03	250000	650000
6.9288702695254447e-03	300000	650000
7.7194467369496242e-03	350000	650000
8.3273178162183679e-03	400000	650000
8.7163075450684153e-03	450000	650000
8.8509430937127251e-03	500000	650000
8.7158155857682863e-03	550000	650000
8.3263717735062755e-03	600000	650000
7.7181199598998764e-03	650000	650000
6.9272672816458351e-03	700000	650000
5.9866489837810937e-03	750000	650000
4.9260831303760480e-03	800000	650000
3.7727924867339922e-03	850000	650000
2.5518760427895295e-03	900000	650000
1.2868148682500899e-03	950000	650000
0.0000000000000000e+00	1000000	650000
0.0000000000000000e+00	0	700000
1.3058735961615059e-03	50000	700000
2.5894361640263707e-03	100000	700000
3.8278781815078455e-03	150000	700000
4.9973116443595466e-03	200000	700000
6.0722489182269751e-03	250000	700000
7.0251067836604141e-03	300000	700000
7.8257477906951579e-03	350000	700000
8.4410731968585784e-03	400000	700000
8.8346831543724535e-03	450000	700000
8.9709600077735856e-03	500000	700000
8.8344388888215632e-03	550000	700000
8.4406033535941970e-03	600000	700000
7.8250886145799815e-03	650000	700000
7.0243100364546524e-03	700000	700000
6.0713792861459524e-03	750000	700000
4.9964439590196733e-03	800000	700000
3.8270947180812117e-03	850000	700000
2.5888241196100493e-03	900000	700000
1.3055226881092119e-03	950000	700000
0.0000000000000000e+00	1000000	700000
0.0000000000000000e+00	0	750000
1.3118712751796597e-03	50000	750000
2.6013352689306813e-03	100000	750000
3.8454425236743653e-03	150000	750000
5.0201667187169327e-03	200000	750000
6.0998858916318311e-03	250000	750000
7.0568896673030091e-03	300000	750000
7.8609246623821284e-03	350000	750000
8.4787921577877071e-03	400000	750000
8.8740132656672556e-03	450000	750000
9.0109167960749376e-03	500000	750000
8.8740132656672556e-03	550000	750000
8.4787921577877089e-03	600000	750000
7.8609246623821301e-03	650000	750000
7.0568896673030091e-03	700000	750000
6.0998858916318319e-03	750000	750000
5.0201667187169336e-03	800000	750000
3.8454425236743670e-03	850000	750000
2.6013352689306817e-03	900000	750000
1.3118712751796601e-03	950000	750000
0.0000000000000000e+00	1000000	750000
0.0000000000000000e+00	0	800000
1.3055226881092121e-03	50000	800000
2.5888241196100497e-03	100000	800000
3.8270947180812126e-03	150000	800000
4.9964439590196742e-03	200000	800000
6.0713792861459550e-03	250000	800000
7.0243100364546559e-03	300000	800000
7.8250886145799850e-03	350000	800000
8.4406033535942004e-03	400000	800000
8.8344388888215684e-03	450000	800000
8.9709600077735891e-03	500000	800000
8.8346831543724604e-03	550000	800000
8.4410731968585836e-03	600000	800000
7.8257477906951631e-03	650000	800000
7.0251067836604184e-03	700000	800000
6.0722489182269794e-03	750000	800000
4.9973116443595500e-03	800000	800000
3.8278781815078485e-03	850000	800000
2.5894361640263724e-03	900000	800000
1.3058735961615072e-03	950000	800000
0.0000000000000000e+00	1000000	800000
0.0000000000000000e+00	0	850000
1.2868148682500910e-03	50000	850000
2.5518760427895308e-03	100000	850000
3.7727924867339943e-03	150000	850000
4.9260831303760515e-03	200000	850000
5.9866489837810980e-03	250000	850000
6.9272672816458446e-03	300000	850000
7.7181199598998843e-03	350000	850000
8.3263717735062841e-03	400000	850000
8.7158155857682950e-03	450000	850000
8.8509430937127338e-03	500000	850000
8.7163075450684240e-03	550000	850000
8.3273178162183766e-03	600000	850000
7.7194467369496311e-03	650000	850000
6.9288702695254525e-03	700000	850000
5.9883978736801746e-03	750000	850000
4.9278275006109859e-03	800000	850000
3.7743671968292936e-03	850000	850000
2.5531061520839260e-03	900000	850000
1.2875202380003663e-03	950000	850000
0.0000000000000000e+00	1000000	850000
0.0000000000000000e+00	0	900000
1.2557165678160640e-03	50000	900000
2.4904249203618356e-03	100000	900000
3.6824278732910209e-03	150000	900000
4.8089260741008919e-03	200000	900000
5.8454793972071298e-03	250000	900000
6.7654849766410480e-03	300000	900000
7.5396840808988870e-03	350000	900000
8.1357144949361793e-03	400000	900000
8.5177288882849148e-03	450000	900000
8.6504416480351915e-03	500000	900000
8.5184752673456016e-03	550000	900000
8.1371491280326780e-03	600000	900000
7.5416947160543485e-03	650000	900000
6.7679122858361161e-03	700000	900000
5.8481256114544999e-03	750000	900000
4.8115637869731763e-03	800000	900000
3.6848080878049468e-03	850000	900000
2.4922840776072873e-03	900000	900000
1.2567829036804416e-03	950000	900000
0.0000000000000000e+00	1000000	900000
0.0000000000000000e+00	0	950000
1.2121901701752232e-03	50000	950000
2.4043882099553954e-03	100000	950000
3.5558598597321845e-03	150000	950000
4.6447568289612927e-03	200000	950000
5.6475646566796073e-03	250000	950000
6.5385586924473658e-03	300000	950000
7.2892798518666294e-03	350000	950000
7.8680484829235821e-03	400000	950000
8.2395411877019906e-03	450000	950000
8.3687998576828845e-03	500000	950000
8.2405517298173928e-03	550000	950000
7.8699894307237526e-03	600000	950000
7.2919971310477661e-03	650000	950000
6.5418349935073361e-03	700000	950000
5.6511320978705672e-03	750000	950000
4.6483092642029943e-03	800000	950000
3.5590634581880920e-03	850000	950000
2.4068900621768874e-03	900000	950000
1.2136256190578409e-03	950000	950000
0.0000000000000000e+00	1000000	950000
0.0000000000000000e+00	0	1000000
1.1562119416997918e-03	50000	1000000
2.2937061800854526e-03	100000	1000000
3.3929701543418704e-03	150000	1000000
4.4333705267898095e-03	200000	1000000
5.3925864782816118e-03	250000	1000000
6.2460385748266765e-03	300000	1000000
6.9663232876539900e-03	350000	1000000
7.5226730352195214e-03	400000	1000000
7.8804724408956840e-03	450000	1000000
8.0052103902727989e-03	500000	1000000
7.8817594331080359e-03	550000	1000000
7.5251421433645228e-03	600000	1000000
6.9697742443974586e-03	650000	1000000
6.2501916298482261e-03	700000	1000000
5.3971003480104670e-03	750000	1000000
4.4378587121846605e-03	800000	1000000
3.3970137458914900e-03	850000	1000000
2.2968631186731331e-03	900000	1000000
1.1580240681095956e-03	950000	1000000
0.0000000000000000e+00	1000000	1000000
0.0000000000000000e+00	0	1050000
1.0878013492687105e-03	50000	1050000
2.1583988976813387e-03	100000	1050000
3.1937446214881544e-03	150000	1050000
4.1746745201720007e-03	200000	1050000
5.0803290414902624e-03	250000	1050000
5.8875515495504724e-03	300000	1050000
6.5702713465296573e-03	350000	1050000
7.0988914579971892e-03	400000	1050000
7.4397188276548272e-03	450000	1050000
7.5588316485549686e-03	500000	1050000
7.4412963590835685e-03	550000	1050000
7.1019127321821033e-03	600000	1050000
6.5744835177071626e-03	650000	1050000
5.8926064823889490e-03	700000	1050000
5.0858084873906103e-03	750000	1050000
4.1801110150540693e-03	800000	1050000
3.1986358122144971e-03	850000	1050000
2.1622159174132052e-03	900000	1050000
1.0899936651823248e-03	950000	1050000
0.0000000000000000e+00	1000000	1050000
0.0000000000000000e+00	0	1100000
1.0070601435637450e-03	50000	1100000
1.9986425792379321e-03	100000	1100000
2.9583832111149131e-03	150000	1100000
3.8688261304645841e-03	200000	1100000
4.7108368111933646e-03	250000	1100000
5.4629702351512831e-03	300000	1100000
6.1007933485466813e-03	350000	1100000
6.5961790416090623e-03	400000	1100000
6.9166157332929828e-03	450000	1100000
7.0289484235640347e-03	500000	1100000
6.9184985549971649e-03	550000	1100000
6.5997755103126502e-03	600000	1100000
6.1057887130151105e-03	650000	1100000
5.4689403400516321e-03	700000	1100000
4.7172833460930744e-03	750000	1100000
3.8752024947568795e-03	800000	1100000
2.9641088706339352e-03	850000	1100000
2.0031080761893126e-03	900000	1100000
1.0096269434158537e-03	950000	1100000
0.0000000000000000e+00	1000000	1100000
0.0000000000000000e+00	0	1150000
9.1422147191826987e-04	50000	1150000
1.8148662554471802e-03	100000	1150000
2.6874407530711824e-03	150000	1150000
3.5164115723658432e-03	200000	1150000
4.2846224846122254e-03	250000	1150000
4.9726380710057253e-03	300000	1150000
5.5580007247687203e-03	350000	1150000
6.0144078241308428e-03	400000	1150000
6.3108545459617969e-03	450000	1150000
6.4151848832747719e-03	500000	1150000
6.3130562866372053e-03	550000	1150000
6.0185964251757229e-03	600000	1150000
5.5637857970497161e-03	650000	1150000
4.9795101084263481e-03	700000	1150000
4.2920020030852348e-03	750000	1150000
3.5236794660287131e-03	800000	1150000
2.6939497332826605e-03	850000	1150000
1.8199386964773273e-03	900000	1150000
9.1714041727292963e-04	950000	1150000
0.0000000000000000e+00	1000000	1150000
0.0000000000000000e+00	0	1200000
8.0970817632059888e-04	50000	1200000
1.6078677756561110e-03	100000	1200000
2.3819988513648521e-03	150000	1200000
3.1186691669746278e-03	200000	1200000
3.8029324457482441e-03	250000	1200000
4.4176625976422501e-03	300000	1200000
4.9427501760273421e-03	350000	1200000
5.3541437735732554e-03	400000	1200000
5.6227675998808107e-03	450000	1200000
5.7177833310313262e-03	500000	1200000
5.6252978068228737e-03	550000	1200000
5.3589266465500938e-03	600000	1200000
4.9492994188331365e-03	650000	1200000
4.4253731529720047e-03	700000	1200000
3.8111476049577033e-03	750000	1200000
3.1267124869691224e-03	800000	1200000
2.3891772935210453e-03	850000	1200000
1.6134570304014834e-03	900000	1200000
8.1293001802651367e-04	950000	1200000
0.0000000000000000e+00	1000000	1200000
0.0000000000000000e+00	0	1250000
6.9419734930778172e-04	50000	1250000
1.3789442953489617e-03	100000	1250000
2.0438641782334925e-03	150000	1250000
2.6777553481964400e-03	200000	1250000
3.2680747304652574e-03	250000	1250000
3.8002904082029033e-03	300000	1250000
4.2570411892549481e-03	350000	1250000
4.6170403546902860e-03	400000	1250000
4.8537039545610006e-03	450000	1250000
4.9379699664324908e-03	500000	1250000
4.8565626321866338e-03	550000	1250000
4.6223889874408512e-03	600000	1250000
4.2642682754058751e-03	650000	1250000
3.8086876373502961e-03	700000	1250000
3.2769231751197509e-03	750000	1250000
2.6863503738076616e-03	800000	1250000
2.0515015384287016e-03	850000	1250000
1.3848864929879314e-03	900000	1250000
6.9763219829462259e-04	950000	1250000
0.0000000000000000e+00	1000000	1250000
0.0000000000000000e+00	0	1300000
5.6868496849408502e-04	50000	1300000
1.1300258634565066e-03	100000	1300000
1.6757791882856699e-03	150000	1300000
2.1970416053832147e-03	200000	1300000
2.6838062844626222e-03	250000	1300000
3.1243754211272364e-03	300000	1300000
3.5045360511313023e-03	350000	1300000
3.8063666447713355e-03	400000	1300000
4.0065345979806198e-03	450000	1300000
4.0784439705026298e-03	500000	1300000
4.0097004642035920e-03	550000	1300000
3.8121904760817288e-03	600000	1300000
3.5122421575766705e-03	650000	1300000
3.1331571222077770e-03	700000	1300000
2.6929192163415356e-03	750000	1300000
2.2058025891754712e-03	800000	1300000
1.6835238900134244e-03	850000	1300000
1.1360510623566022e-03	900000	1300000
5.7218456933206608e-04	950000	1300000
0.0000000000000000e+00	1000000	1300000
0.0000000000000000e+00	0	1350000
4.3454030878657272e-04	50000	1350000
8.6379145367787276e-04	100000	1350000
1.2816162451123930e-03	150000	1350000
1.6814106688834579e-03	200000	1350000
2.0557558492212058e-03	250000	1350000
2.3959396552280031e-03	300000	1350000
2.6912358512925713e-03	350000	1350000
2.9277326324500049e-03	400000	1350000
3.0863587812709446e-03	450000	1350000
3.1440588366434246e-03	500000	1350000
3.0897593183079226e-03	550000	1350000
2.9338110469243677e-03	600000	1350000
2.6990137015108122e-03	650000	1350000
2.4045547935443810e-03	700000	1350000
2.0645126376939980e-03	750000	1350000
1.6897212353567830e-03	800000	1350000
1.2889221895640744e-03	850000	1350000
8.6948416402156826e-04	900000	1350000
4.3787538125419570e-04	950000	1350000
0.0000000000000000e+00	1000000	1350000
0.0000000000000000e+00	0	1400000
2.9353643488383609e-04	50000	1400000
5.8373643340277760e-04	100000	1400000
8.6650573523642898e-04	150000	1400000
1.1374873533381621e-03	200000	1400000
1.3918153141360423e-03	250000	1400000
1.6237846813891526e-03	300000	1400000
1.8263346693297077e-03	350000	1400000
1.9901137544067102e-03	400000	1400000
2.1015586813645372e-03	450000	1400000
2.1428439097132689e-03	500000	1400000
2.1049811830748176e-03	550000	1400000
1.9959364112240646e-03	600000	1400000
1.8333894202180732e-03	650000	1400000
1.6312861966574510e-03	700000	1400000
1.3992381340792294e-03	750000	1400000
1.1444261874992475e-03	800000	1400000
8.7257562438777130e-04	850000	1400000
5.8848944904773507e-04	900000	1400000
2.9636556935067033e-04	950000	1400000
0.0000000000000000e+00	1000000	1400000
0.0000000000000000e+00	0	1450000
1.4784483775582766e-04	50000	1450000
2.9415411447608500e-04	100000	1450000
4.3682861901698719e-04	150000	1450000
5.7369554542679904e-04	200000	1450000
7.0235344791113393e-04	250000	1450000
8.2000297202555641e-04	300000	1450000
9.2319021612474565e-04	350000	1450000
1.0073210365361374e-03	400000	1450000
1.0655382069181929e-03	450000	1450000
1.0877298286578478e-03	500000	1450000
1.0683327583771703e-03	550000	1450000
1.0116895285116774e-03	600000	1450000
9.2802467214185959e-04	650000	1450000
8.2486361761023119e-04	700000	1450000
7.0701102342093328e-04	750000	1450000
5.7798106330914014e-04	800000	1450000
4.4056738541988763e-04	850000	1450000
2.9711434283690986e-04	900000	1450000
1.4966073074424691e-04	950000	1450000
0.0000000000000000e+00	1000000	1450000
0.0000000000000000e+00	0	1500000
0.0000000000000000e+00	50000	1500000
0.0000000000000000e+00	100000	1500000
0.0000000000000000e+00	150000	1500000
0.0000000000000000e+00	200000	1500000
0.0000000000000000e+00	250000	1500000
0.0000000000000000e+00	300000	1500000
0.0000000000000000e+00	350000	1500000
0.0000000000000000e+00	400000	1500000
0.0000000000000000e+00	450000	1500000
0.0000000000000000e+00	500000	1500000
0.0000000000000000e+00	550000	1500000
0.0000000000000000e+00	600000	1500000
0.0000000000000000e+00	650000	1500000
0.0000000000000000e+00	700000	1500000
0.0000000000000000e+00	750000	1500000
0.0000000000000000e+00	800000	1500000
0.0000000000000000e+00	850000	1500000
0.0000000000000000e+00	900000	1500000
0.0000000000000000e+00	950000	1500000
0.0000000000000000e+00	1000000	1500000
