0.0000000000000000e+00	0	0
0.0000000000000000e+00	50000	0
0.0000000000000000e+00	100000	0
0.0000000000000000e+00	150000	0
0.0000000000000000e+00	200000	0
0.0000000000000000e+00	250000	0
0.0000000000000000e+00	300000	0
0.0000000000000000e+00	350000	0
0.0000000000000000e+00	400000	0
0.0000000000000000e+00	450000	0
0.0000000000000000e+00	500000	0
0.0000000000000000e+00	550000	0
0.0000000000000000e+00	600000	0
0.0000000000000000e+00	650000	0
0.0000000000000000e+00	700000	0
0.0000000000000000e+00	750000	0
0.0000000000000000e+00	800000	0
0.0000000000000000e+00	850000	0
0.0000000000000000e+00	900000	0
0.0000000000000000e+00	950000	0
0.0000000000000000e+00	1000000	0
0.0000000000000000e+00	0	50000
-4.7216661291386199e-15	50000	50000
-9.5730447123794078e-15	100000	50000
-1.4700635907350974e-14	150000	50000
-2.0290427502962819e-14	200000	50000
-2.6606490512673751e-14	250000	50000
-3.4068201302260944e-14	300000	50000
-4.3426852653407502e-14	350000	50000
-5.6224221109263246e-14	400000	50000
-7.6140193806281012e-14	450000	50000
-8.5658301944433320e-14	500000	50000
-7.6140193806280987e-14	550000	50000
-5.6224221109263227e-14	600000	50000
-4.3426852653407470e-14	650000	50000
-3.4068201302260931e-14	700000	50000
-2.6606490512673732e-14	750000	50000
-2.0290427502962807e-14	800000	50000
-1.4700635907350961e-14	850000	50000
-9.5730447123794031e-15	900000	50000
-4.7216661291386175e-15	950000	50000
0.0000000000000000e+00	1000000	50000
0.0000000000000000e+00	0	100000
-9.3136198041750701e-15	50000	100000
-1.8869876813028044e-14	100000	100000
-2.8939071414061664e-14	150000	100000
-3.9854583591826546e-14	200000	100000
-5.2067333245471223e-14	250000	100000
-6.6239462042962551e-14	300000	100000
-8.3414988202105816e-14	350000	100000
-1.0532983797736446e-13	400000	100000
-1.3490047439364976e-13	450000	100000
-1.4868615349850458e-13	500000	100000
-1.3490047439364968e-13	550000	100000
-1.0532983797736445e-13	600000	100000
-8.3414988202105791e-14	650000	100000
-6.6239462042962525e-14	700000	100000
-5.2067333245471205e-14	750000	100000
-3.9854583591826521e-14	800000	100000
-2.8939071414061645e-14	850000	100000
-1.8869876813028031e-14	900000	100000
-9.3136198041750654e-15	950000	100000
0.0000000000000000e+00	1000000	100000
0.0000000000000000e+00	0	150000
-1.3662936274533620e-14	50000	150000
-2.7653771321496024e-14	100000	150000
-4.2331189344041093e-14	150000	150000
-5.8121502204810458e-14	200000	150000
-7.5568796834422068e-14	250000	150000
-9.5407325422012201e-14	300000	150000
-1.1866380013468872e-13	350000	150000
-1.4677966820443904e-13	400000	150000
-1.8166793451467108e-13	450000	150000
-1.9761869659561892e-13	500000	150000
-1.8166793451467106e-13	550000	150000
-1.4677966820443904e-13	600000	150000
-1.1866380013468872e-13	650000	150000
-9.5407325422012188e-14	700000	150000
-7.5568796834422068e-14	750000	150000
-5.8121502204810446e-14	800000	150000
-4.2331189344041074e-14	850000	150000
-2.7653771321496015e-14	900000	150000
-1.3662936274533614e-14	950000	150000
0.0000000000000000e+00	1000000	150000
0.0000000000000000e+00	0	200000
-1.7684353972463383e-14	50000	200000
-3.5751082854381363e-14	100000	200000
-5.4610412435796194e-14	150000	200000
-7.4731439048952152e-14	200000	200000
-9.6679026465394395e-14	250000	200000
-1.2115724267597551e-13	300000	200000
-1.4905321871019784e-13	350000	200000
-1.8145710019103178e-13	400000	200000
-2.1959512108719892e-13	450000	200000
-2.3678609718796226e-13	500000	200000
-2.1959512108719887e-13	550000	200000
-1.8145710019103175e-13	600000	200000
-1.4905321871019786e-13	650000	200000
-1.2115724267597548e-13	700000	200000
-9.6679026465394395e-14	750000	200000
-7.4731439048952139e-14	800000	200000
-5.4610412435796181e-14	850000	200000
-3.5751082854381344e-14	900000	200000
-1.7684353972463376e-14	950000	200000
0.0000000000000000e+00	1000000	200000
0.0000000000000000e+00	0	250000
-2.1323396760938554e-14	50000	250000
-4.3055793687769833e-14	100000	250000
-6.5627938495810198e-14	150000	250000
-8.9514815089807547e-14	200000	250000
-1.1525862730222787e-13	250000	250000
-1.4348940010629749e-13	300000	250000
-1.7493473183909540e-13	350000	250000
-2.1040039276229139e-13	400000	250000
-2.5069157467735283e-13	450000	250000
-2.6866878331516561e-13	500000	250000
-2.5069157467735262e-13	550000	250000
-2.1040039276229131e-13	600000	250000
-1.7493473183909540e-13	650000	250000
-1.4348940010629746e-13	700000	250000
-1.1525862730222784e-13	750000	250000
-8.9514815089807547e-14	800000	250000
-6.5627938495810173e-14	850000	250000
-4.3055793687769821e-14	900000	250000
-2.1323396760938547e-14	950000	250000
0.0000000000000000e+00	1000000	250000
0.0000000000000000e+00	0	300000
-2.4553439383521007e-14	50000	300000
-4.9520756639949238e-14	100000	300000
-7.5330732769867167e-14	150000	300000
-1.0244125551224007e-13	200000	300000
-1.3135126754741204e-13	250000	300000
-1.6260699860789131e-13	300000	300000
-1.9679591577759493e-13	350000	300000
-2.3451816434168562e-13	400000	300000
-2.7632422376697738e-13	450000	300000
-2.9483922005132831e-13	500000	300000
-2.7632422376697723e-13	550000	300000
-2.3451816434168552e-13	600000	300000
-1.9679591577759488e-13	650000	300000
-1.6260699860789126e-13	700000	300000
-1.3135126754741206e-13	750000	300000
-1.0244125551224007e-13	800000	300000
-7.5330732769867167e-14	850000	300000
-4.9520756639949238e-14	900000	300000
-2.4553439383521001e-14	950000	300000
0.0000000000000000e+00	1000000	300000
0.0000000000000000e+00	0	350000
-2.7369604133196220e-14	50000	350000
-5.5143060718638978e-14	100000	350000
-8.3732980431469170e-14	150000	350000
-1.1356820664187355e-13	200000	350000
-1.4509818876728901e-13	250000	350000
-1.7879141100026061e-13	300000	350000
-2.1512376832170745e-13	350000	350000
-2.5455212505987883e-13	400000	350000
-2.9747015821976491e-13	450000	350000
-3.1637298268952635e-13	500000	350000
-2.9747015821976481e-13	550000	350000
-2.5455212505987863e-13	600000	350000
-2.1512376832170737e-13	650000	350000
-1.7879141100026058e-13	700000	350000
-1.4509818876728901e-13	750000	350000
-1.1356820664187354e-13	800000	350000
-8.3732980431469157e-14	850000	350000
-5.5143060718638966e-14	900000	350000
-2.7369604133196210e-14	950000	350000
0.0000000000000000e+00	1000000	350000
0.0000000000000000e+00	0	400000
-2.9781916430624876e-14	50000	400000
-5.9948901669941312e-14	100000	400000
-9.0889921595496898e-14	150000	400000
-1.2300040185649600e-13	200000	400000
-1.5668186987960983e-13	250000	400000
-1.9233668830415483e-13	300000	400000
-2.3035562144909547e-13	350000	400000
-2.7109640935635706e-13	400000	400000
-3.1485352358489944e-13	450000	400000
-3.3404572760058080e-13	500000	400000
-3.1485352358489944e-13	550000	400000
-2.7109640935635701e-13	600000	400000
-2.3035562144909542e-13	650000	400000
-1.9233668830415478e-13	700000	400000
-1.5668186987960980e-13	750000	400000
-1.2300040185649595e-13	800000	400000
-9.0889921595496860e-14	850000	400000
-5.9948901669941287e-14	900000	400000
-2.9781916430624864e-14	950000	400000
0.0000000000000000e+00	1000000	400000
0.0000000000000000e+00	0	450000
-3.1809159919361974e-14	50000	450000
-6.3980707935004495e-14	100000	450000
-9.6877402424081122e-14	150000	450000
-1.3086160930900375e-13	200000	450000
-1.6629220059049949e-13	250000	450000
-2.0351785088765345e-13	300000	450000
-2.4286561981416256e-13	350000	450000
-2.8462436733155468e-13	400000	450000
-3.2902402138511717e-13	450000	450000
-3.4843621387633147e-13	500000	450000
-3.2902402138511727e-13	550000	450000
-2.8462436733155468e-13	600000	450000
-2.4286561981416251e-13	650000	450000
-2.0351785088765337e-13	700000	450000
-1.6629220059049947e-13	750000	450000
-1.3086160930900367e-13	800000	450000
-9.6877402424081109e-14	850000	450000
-6.3980707935004470e-14	900000	450000
-3.1809159919361974e-14	950000	450000
0.0000000000000000e+00	1000000	450000
0.0000000000000000e+00	0	500000
-3.3474015311818564e-14	50000	500000
-6.7287367726633547e-14	100000	500000
-1.0177737085681932e-13	150000	500000
-1.3727643236493835e-13	200000	500000
-1.7410747228573083e-13	250000	500000
-2.1257689484179704e-13	300000	500000
-2.5296463958834662e-13	350000	500000
-2.9551141877058190e-13	400000	500000
-3.4040420296990540e-13	450000	500000
-3.5998441846784409e-13	500000	500000
-3.4040420296990540e-13	550000	500000
-2.9551141877058196e-13	600000	500000
-2.5296463958834652e-13	650000	500000
-2.1257689484179694e-13	700000	500000
-1.7410747228573080e-13	750000	500000
-1.3727643236493832e-13	800000	500000
-1.0177737085681931e-13	850000	500000
-6.7287367726633497e-14	900000	500000
-3.3474015311818551e-14	950000	500000
0.0000000000000000e+00	1000000	500000
0.0000000000000000e+00	0	550000
-3.4799533601278740e-14	50000	550000
-6.9917376802891711e-14	100000	550000
-1.0566828091162437e-13	150000	550000
-1.4235927700819949e-13	200000	550000
-1.8028436134568852e-13	250000	550000
-2.1971761660545698e-13	300000	550000
-2.6090462492684493e-13	350000	550000
-3.0405246519252112e-13	400000	550000
-3.4931917547830043e-13	450000	550000
-3.6902638738856773e-13	500000	550000
-3.4931917547830043e-13	550000	550000
-3.0405246519252122e-13	600000	550000
-2.6090462492684503e-13	650000	550000
-2.1971761660545708e-13	700000	550000
-1.8028436134568857e-13	750000	550000
-1.4235927700819952e-13	800000	550000
-1.0566828091162436e-13	850000	550000
-6.9917376802891673e-14	900000	550000
-3.4799533601278733e-14	950000	550000
0.0000000000000000e+00	1000000	550000
0.0000000000000000e+00	0	600000
-3.5806742290404716e-14	50000	600000
-7.1914324972030139e-14	100000	600000
-1.0861909897858693e-13	150000	600000
-1.4620803341054675e-13	200000	600000
-1.8495307948336682e-13	250000	600000
-2.2510458530749775e-13	300000	600000
-2.6688377832105511e-13	350000	600000
-3.1047464159435727e-13	400000	600000
-3.5601586858442985e-13	450000	600000
-3.7581611346315932e-13	500000	600000
-3.5601586858442996e-13	550000	600000
-3.1047464159435732e-13	600000	600000
-2.6688377832105516e-13	650000	600000
-2.2510458530749780e-13	700000	600000
-1.8495307948336685e-13	750000	600000
-1.4620803341054678e-13	800000	600000
-1.0861909897858695e-13	850000	600000
-7.1914324972030139e-14	900000	600000
-3.5806742290404716e-14	950000	600000
0.0000000000000000e+00	1000000	600000
0.0000000000000000e+00	0	650000
-3.6513110588309992e-14	50000	650000
-7.3314081816237177e-14	100000	650000
-1.1068575662014649e-13	150000	650000
-1.4890067817203379e-13	200000	650000
-1.8821533786973440e-13	250000	650000
-2.2886386682011211e-13	300000	650000
-2.7105126145552056e-13	350000	650000
-3.1494645427942294e-13	400000	650000
-3.6067576602412486e-13	450000	650000
-3.8053966262854310e-13	500000	650000
-3.6067576602412496e-13	550000	650000
-3.1494645427942294e-13	600000	650000
-2.7105126145552061e-13	650000	650000
-2.2886386682011216e-13	700000	650000
-1.8821533786973437e-13	750000	650000
-1.4890067817203379e-13	800000	650000
-1.1068575662014652e-13	850000	650000
-7.3314081816237189e-14	900000	650000
-3.6513110588310017e-14	950000	650000
0.0000000000000000e+00	1000000	650000
0.0000000000000000e+00	0	700000
-3.6931618246598120e-14	50000	700000
-7.4143135084462148e-14	100000	700000
-1.1190916751372806e-13	150000	700000
-1.5049358478770749e-13	200000	700000
-1.9014372700342487e-13	250000	700000
-2.3108428264769578e-13	300000	700000
-2.7351094640149217e-13	350000	700000
-3.1758414804368899e-13	400000	700000
-3.6342330082632624e-13	450000	700000
-3.8332433833609649e-13	500000	700000
-3.6342330082632634e-13	550000	700000
-3.1758414804368904e-13	600000	700000
-2.7351094640149222e-13	650000	700000
-2.3108428264769588e-13	700000	700000
-1.9014372700342497e-13	750000	700000
-1.5049358478770756e-13	800000	700000
-1.1190916751372812e-13	850000	700000
-7.4143135084462173e-14	900000	700000
-3.6931618246598145e-14	950000	700000
0.0000000000000000e+00	1000000	700000
0.0000000000000000e+00	0	750000
-3.7070227313620359e-14	50000	750000
-7.4417672761285196e-14	100000	750000
-1.1231419356259617e-13	150000	750000
-1.5102076646164324e-13	200000	750000
-1.9078170270856179e-13	250000	750000
-2.3181859036575421e-13	300000	750000
-2.7432409345906333e-13	350000	750000
-3.1845589066751467e-13	400000	750000
-3.6433117312361711e-13	450000	750000
-3.8424442239652351e-13	500000	750000
-3.6433117312361716e-13	550000	750000
-3.1845589066751467e-13	600000	750000
-2.7432409345906338e-13	650000	750000
-2.3181859036575427e-13	700000	750000
-1.9078170270856189e-13	750000	750000
-1.5102076646164332e-13	800000	750000
-1.1231419356259621e-13	850000	750000
-7.4417672761285246e-14	900000	750000
-3.7070227313620384e-14	950000	750000
0.0000000000000000e+00	1000000	750000
0.0000000000000000e+00	0	800000
-3.6931618246598139e-14	50000	800000
-7.4143135084462173e-14	100000	800000
-1.1190916751372811e-13	150000	800000
-1.5049358478770756e-13	200000	800000
-1.9014372700342495e-13	250000	800000
-2.3108428264769599e-13	300000	800000
-2.7351094640149237e-13	350000	800000
-3.1758414804368914e-13	400000	800000
-3.6342330082632644e-13	450000	800000
-3.8332433833609659e-13	500000	800000
-3.6342330082632644e-13	550000	800000
-3.1758414804368914e-13	600000	800000
-2.7351094640149227e-13	650000	800000
-2.3108428264769599e-13	700000	800000
-1.9014372700342502e-13	750000	800000
-1.5049358478770761e-13	800000	800000
-1.1190916751372819e-13	850000	800000
-7.4143135084462224e-14	900000	800000
-3.6931618246598158e-14	950000	800000
0.0000000000000000e+00	1000000	800000
0.0000000000000000e+00	0	850000
-3.6513110588310024e-14	50000	850000
-7.3314081816237227e-14	100000	850000
-1.1068575662014653e-13	150000	850000
-1.4890067817203387e-13	200000	850000
-1.8821533786973450e-13	250000	850000
-2.2886386682011231e-13	300000	850000
-2.7105126145552081e-13	350000	850000
-3.1494645427942315e-13	400000	850000
-3.6067576602412516e-13	450000	850000
-3.8053966262854325e-13	500000	850000
-3.6067576602412521e-13	550000	850000
-3.1494645427942315e-13	600000	850000
-2.7105126145552076e-13	650000	850000
-2.2886386682011231e-13	700000	850000
-1.8821533786973455e-13	750000	850000
-1.4890067817203392e-13	800000	850000
-1.1068575662014662e-13	850000	850000
-7.3314081816237303e-14	900000	850000
-3.6513110588310043e-14	950000	850000
0.0000000000000000e+00	1000000	850000
0.0000000000000000e+00	0	900000
-3.5806742290404741e-14	50000	900000
-7.1914324972030164e-14	100000	900000
-1.0861909897858698e-13	150000	900000
-1.4620803341054685e-13	200000	900000
-1.8495307948336700e-13	250000	900000
-2.2510458530749798e-13	300000	900000
-2.6688377832105532e-13	350000	900000
-3.1047464159435747e-13	400000	900000
-3.5601586858443011e-13	450000	900000
-3.7581611346315947e-13	500000	900000
-3.5601586858443011e-13	550000	900000
-3.1047464159435747e-13	600000	900000
-2.6688377832105532e-13	650000	900000
-2.2510458530749798e-13	700000	900000
-1.8495307948336703e-13	750000	900000
-1.4620803341054690e-13	800000	900000
-1.0861909897858705e-13	850000	900000
-7.1914324972030215e-14	900000	900000
-3.5806742290404754e-14	950000	900000
0.0000000000000000e+00	1000000	900000
0.0000000000000000e+00	0	950000
-3.4799533601278740e-14	50000	950000
-6.9917376802891686e-14	100000	950000
-1.0566828091162441e-13	150000	950000
-1.4235927700819957e-13	200000	950000
-1.8028436134568865e-13	250000	950000
-2.1971761660545720e-13	300000	950000
-2.6090462492684513e-13	350000	950000
-3.0405246519252127e-13	400000	950000
-3.4931917547830063e-13	450000	950000
-3.6902638738856794e-13	500000	950000
-3.4931917547830063e-13	550000	950000
-3.0405246519252137e-13	600000	950000
-2.6090462492684513e-13	650000	950000
-2.1971761660545723e-13	700000	950000
-1.8028436134568867e-13	750000	950000
-1.4235927700819962e-13	800000	950000
-1.0566828091162445e-13	850000	950000
-6.9917376802891749e-14	900000	950000
-3.4799533601278765e-14	950000	950000
0.0000000000000000e+00	1000000	950000
0.0000000000000000e+00	0	1000000
-3.3474015311818564e-14	50000	1000000
-6.7287367726633535e-14	100000	1000000
-1.0177737085681937e-13	150000	1000000
-1.3727643236493840e-13	200000	1000000
-1.7410747228573085e-13	250000	1000000
-2.1257689484179706e-13	300000	1000000
-2.5296463958834667e-13	350000	1000000
-2.9551141877058206e-13	400000	1000000
-3.4040420296990555e-13	450000	1000000
-3.5998441846784429e-13	500000	1000000
-3.4040420296990555e-13	550000	1000000
-2.9551141877058211e-13	600000	1000000
-2.5296463958834677e-13	650000	1000000
-2.1257689484179716e-13	700000	1000000
-1.7410747228573095e-13	750000	1000000
-1.3727643236493845e-13	800000	1000000
-1.0177737085681941e-13	850000	1000000
-6.7287367726633560e-14	900000	1000000
-3.3474015311818570e-14	950000	1000000
0.0000000000000000e+00	1000000	1000000
0.0000000000000000e+00	0	1050000
-3.1809159919361974e-14	50000	1050000
-6.3980707935004495e-14	100000	1050000
-9.6877402424081122e-14	150000	1050000
-1.3086160930900375e-13	200000	1050000
-1.6629220059049949e-13	250000	1050000
-2.0351785088765350e-13	300000	1050000
-2.4286561981416261e-13	350000	1050000
-2.8462436733155484e-13	400000	1050000
-3.2902402138511747e-13	450000	1050000
-3.4843621387633172e-13	500000	1050000
-3.2902402138511742e-13	550000	1050000
-2.8462436733155489e-13	600000	1050000
-2.4286561981416271e-13	650000	1050000
-2.0351785088765365e-13	700000	1050000
-1.6629220059049965e-13	750000	1050000
-1.3086160930900383e-13	800000	1050000
-9.6877402424081185e-14	850000	1050000
-6.3980707935004520e-14	900000	1050000
-3.1809159919361993e-14	950000	1050000
0.0000000000000000e+00	1000000	1050000
0.0000000000000000e+00	0	1100000
-2.9781916430624870e-14	50000	1100000
-5.9948901669941312e-14	100000	1100000
-9.0889921595496885e-14	150000	1100000
-1.2300040185649602e-13	200000	1100000
-1.5668186987960985e-13	250000	1100000
-1.9233668830415488e-13	300000	1100000
-2.3035562144909552e-13	350000	1100000
-2.7109640935635721e-13	400000	1100000
-3.1485352358489964e-13	450000	1100000
-3.3404572760058111e-13	500000	1100000
-3.1485352358489969e-13	550000	1100000
-2.7109640935635726e-13	600000	1100000
-2.3035562144909573e-13	650000	1100000
-1.9233668830415504e-13	700000	1100000
-1.5668186987960998e-13	750000	1100000
-1.2300040185649608e-13	800000	1100000
-9.0889921595496948e-14	850000	1100000
-5.9948901669941350e-14	900000	1100000
-2.9781916430624895e-14	950000	1100000
0.0000000000000000e+00	1000000	1100000
0.0000000000000000e+00	0	1150000
-2.7369604133196213e-14	50000	1150000
-5.5143060718638985e-14	100000	1150000
-8.3732980431469157e-14	150000	1150000
-1.1356820664187360e-13	200000	1150000
-1.4509818876728906e-13	250000	1150000
-1.7879141100026068e-13	300000	1150000
-2.1512376832170747e-13	350000	1150000
-2.5455212505987889e-13	400000	1150000
-2.9747015821976506e-13	450000	1150000
-3.1637298268952666e-13	500000	1150000
-2.9747015821976517e-13	550000	1150000
-2.5455212505987894e-13	600000	1150000
-2.1512376832170767e-13	650000	1150000
-1.7879141100026078e-13	700000	1150000
-1.4509818876728914e-13	750000	1150000
-1.1356820664187365e-13	800000	1150000
-8.3732980431469208e-14	850000	1150000
-5.5143060718639023e-14	900000	1150000
-2.7369604133196235e-14	950000	1150000
0.0000000000000000e+00	1000000	1150000
0.0000000000000000e+00	0	1200000
-2.4553439383521007e-14	50000	1200000
-4.9520756639949250e-14	100000	1200000
-7.5330732769867192e-14	150000	1200000
-1.0244125551224012e-13	200000	1200000
-1.3135126754741211e-13	250000	1200000
-1.6260699860789134e-13	300000	1200000
-1.9679591577759498e-13	350000	1200000
-2.3451816434168572e-13	400000	1200000
-2.7632422376697748e-13	450000	1200000
-2.9483922005132851e-13	500000	1200000
-2.7632422376697753e-13	550000	1200000
-2.3451816434168572e-13	600000	1200000
-1.9679591577759508e-13	650000	1200000
-1.6260699860789142e-13	700000	1200000
-1.3135126754741216e-13	750000	1200000
-1.0244125551224016e-13	800000	1200000
-7.5330732769867217e-14	850000	1200000
-4.9520756639949276e-14	900000	1200000
-2.4553439383521017e-14	950000	1200000
0.0000000000000000e+00	1000000	1200000
0.0000000000000000e+00	0	1250000
-2.1323396760938557e-14	50000	1250000
-4.3055793687769840e-14	100000	1250000
-6.5627938495810223e-14	150000	1250000
-8.9514815089807598e-14	200000	1250000
-1.1525862730222792e-13	250000	1250000
-1.4348940010629754e-13	300000	1250000
-1.7493473183909545e-13	350000	1250000
-2.1040039276229146e-13	400000	1250000
-2.5069157467735278e-13	450000	1250000
-2.6866878331516576e-13	500000	1250000
-2.5069157467735288e-13	550000	1250000
-2.1040039276229151e-13	600000	1250000
-1.7493473183909550e-13	650000	1250000
-1.4348940010629757e-13	700000	1250000
-1.1525862730222794e-13	750000	1250000
-8.9514815089807623e-14	800000	1250000
-6.5627938495810223e-14	850000	1250000
-4.3055793687769859e-14	900000	1250000
-2.1323396760938569e-14	950000	1250000
0.0000000000000000e+00	1000000	1250000
0.0000000000000000e+00	0	1300000
-1.7684353972463383e-14	50000	1300000
-3.5751082854381363e-14	100000	1300000
-5.4610412435796206e-14	150000	1300000
-7.4731439048952177e-14	200000	1300000
-9.6679026465394407e-14	250000	1300000
-1.2115724267597553e-13	300000	1300000
-1.4905321871019789e-13	350000	1300000
-1.8145710019103180e-13	400000	1300000
-2.1959512108719892e-13	450000	1300000
-2.3678609718796231e-13	500000	1300000
-2.1959512108719895e-13	550000	1300000
-1.8145710019103185e-13	600000	1300000
-1.4905321871019791e-13	650000	1300000
-1.2115724267597553e-13	700000	1300000
-9.6679026465394420e-14	750000	1300000
-7.4731439048952177e-14	800000	1300000
-5.4610412435796225e-14	850000	1300000
-3.5751082854381382e-14	900000	1300000
-1.7684353972463392e-14	950000	1300000
0.0000000000000000e+00	1000000	1300000
0.0000000000000000e+00	0	1350000
-1.3662936274533620e-14	50000	1350000
-2.7653771321496031e-14	100000	1350000
-4.2331189344041099e-14	150000	1350000
-5.8121502204810484e-14	200000	1350000
-7.5568796834422093e-14	250000	1350000
-9.5407325422012226e-14	300000	1350000
-1.1866380013468874e-13	350000	1350000
-1.4677966820443904e-13	400000	1350000
-1.8166793451467106e-13	450000	1350000
-1.9761869659561889e-13	500000	1350000
-1.8166793451467108e-13	550000	1350000
-1.4677966820443901e-13	600000	1350000
-1.1866380013468872e-13	650000	1350000
-9.5407325422012226e-14	700000	1350000
-7.5568796834422093e-14	750000	1350000
-5.8121502204810484e-14	800000	1350000
-4.2331189344041106e-14	850000	1350000
-2.7653771321496037e-14	900000	1350000
-1.3662936274533625e-14	950000	1350000
0.0000000000000000e+00	1000000	1350000
0.0000000000000000e+00	0	1400000
-9.3136198041750701e-15	50000	1400000
-1.8869876813028044e-14	100000	1400000
-2.8939071414061664e-14	150000	1400000
-3.9854583591826552e-14	200000	1400000
-5.2067333245471236e-14	250000	1400000
-6.6239462042962563e-14	300000	1400000
-8.3414988202105804e-14	350000	1400000
-1.0532983797736445e-13	400000	1400000
-1.3490047439364971e-13	450000	1400000
-1.4868615349850458e-13	500000	1400000
-1.3490047439364973e-13	550000	1400000
-1.0532983797736445e-13	600000	1400000
-8.3414988202105829e-14	650000	1400000
-6.6239462042962563e-14	700000	1400000
-5.2067333245471236e-14	750000	1400000
-3.9854583591826559e-14	800000	1400000
-2.8939071414061671e-14	850000	1400000
-1.8869876813028050e-14	900000	1400000
-9.3136198041750748e-15	950000	1400000
0.0000000000000000e+00	1000000	1400000
0.0000000000000000e+00	0	1450000
-4.7216661291386199e-15	50000	1450000
-9.5730447123794078e-15	100000	1450000
-1.4700635907350971e-14	150000	1450000
-2.0290427502962823e-14	200000	1450000
-2.6606490512673751e-14	250000	1450000
-3.4068201302260956e-14	300000	1450000
-4.3426852653407495e-14	350000	1450000
-5.6224221109263240e-14	400000	1450000
-7.6140193806281000e-14	450000	1450000
-8.5658301944433345e-14	500000	1450000
-7.6140193806281000e-14	550000	1450000
-5.6224221109263240e-14	600000	1450000
-4.3426852653407502e-14	650000	1450000
-3.4068201302260956e-14	700000	1450000
-2.6606490512673748e-14	750000	1450000
-2.0290427502962819e-14	800000	1450000
-1.4700635907350974e-14	850000	1450000
-9.5730447123794125e-15	900000	1450000
-4.7216661291386222e-15	950000	1450000
0.0000000000000000e+00	1000000	1450000
0.0000000000000000e+00	0	1500000
0.0000000000000000e+00	50000	1500000
0.0000000000000000e+00	100000	1500000
0.0000000000000000e+00	150000	1500000
0.0000000000000000e+00	200000	1500000
0.0000000000000000e+00	250000	1500000
0.0000000000000000e+00	300000	1500000
0.0000000000000000e+00	350000	1500000
0.0000000000000000e+00	400000	1500000
0.0000000000000000e+00	450000	1500000
0.0000000000000000e+00	500000	1500000
0.0000000000000000e+00	550000	1500000
0.0000000000000000e+00	600000	1500000
0.0000000000000000e+00	650000	1500000
0.0000000000000000e+00	700000	1500000
0.0000000000000000e+00	750000	1500000
0.0000000000000000e+00	800000	1500000
0.0000000000000000e+00	850000	1500000
0.0000000000000000e+00	900000	1500000
0.0000000000000000e+00	950000	1500000
0.0000000000000000e+00	1000000	1500000
