0.0000000000000000e+00	0	0
0.0000000000000000e+00	50000	0
0.0000000000000000e+00	100000	0
0.0000000000000000e+00	150000	0
0.0000000000000000e+00	200000	0
0.0000000000000000e+00	250000	0
0.0000000000000000e+00	300000	0
0.0000000000000000e+00	350000	0
0.0000000000000000e+00	400000	0
0.0000000000000000e+00	450000	0
0.0000000000000000e+00	500000	0
0.0000000000000000e+00	550000	0
0.0000000000000000e+00	600000	0
0.0000000000000000e+00	650000	0
0.0000000000000000e+00	700000	0
0.0000000000000000e+00	750000	0
0.0000000000000000e+00	800000	0
0.0000000000000000e+00	850000	0
0.0000000000000000e+00	900000	0
0.0000000000000000e+00	950000	0
0.0000000000000000e+00	1000000	0
0.0000000000000000e+00	0	50000
-2.8329996774831713e-14	50000	50000
-5.7438268274276425e-14	100000	50000
-8.8203815444105800e-14	150000	50000
-1.2174256501777684e-13	200000	50000
-1.5963894307604244e-13	250000	50000
-2.0440920781356561e-13	300000	50000
-2.6056111592044493e-13	350000	50000
-3.3734532665557938e-13	400000	50000
-4.5684116283768605e-13	450000	50000
-5.1394981166659982e-13	500000	50000
-4.5684116283768585e-13	550000	50000
-3.3734532665557933e-13	600000	50000
-2.6056111592044483e-13	650000	50000
-2.0440920781356559e-13	700000	50000
-1.5963894307604241e-13	750000	50000
-1.2174256501777684e-13	800000	50000
-8.8203815444105762e-14	850000	50000
-5.7438268274276412e-14	900000	50000
-2.8329996774831700e-14	950000	50000
0.0000000000000000e+00	1000000	50000
0.0000000000000000e+00	0	100000
-5.5881718825050414e-14	50000	100000
-1.1321926087816822e-13	100000	100000
-1.7363442848436991e-13	150000	100000
-2.3912750155095914e-13	200000	100000
-3.1240399947282725e-13	250000	100000
-3.9743677225777508e-13	300000	100000
-5.0048992921263475e-13	350000	100000
-6.3197902786418673e-13	400000	100000
-8.0940284636189820e-13	450000	100000
-8.9211692099102744e-13	500000	100000
-8.0940284636189780e-13	550000	100000
-6.3197902786418662e-13	600000	100000
-5.0048992921263464e-13	650000	100000
-3.9743677225777513e-13	700000	100000
-3.1240399947282725e-13	750000	100000
-2.3912750155095914e-13	800000	100000
-1.7363442848436986e-13	850000	100000
-1.1321926087816818e-13	900000	100000
-5.5881718825050389e-14	950000	100000
0.0000000000000000e+00	1000000	100000
0.0000000000000000e+00	0	150000
-8.1977617647201708e-14	50000	150000
-1.6592262792897611e-13	100000	150000
-2.5398713606424647e-13	150000	150000
-3.4872901322886265e-13	200000	150000
-4.5341278100653225e-13	250000	150000
-5.7244395253207305e-13	300000	150000
-7.1198280080813210e-13	350000	150000
-8.8067800922663407e-13	400000	150000
-1.0900076070880264e-12	450000	150000
-1.1857121795737133e-12	500000	150000
-1.0900076070880262e-12	550000	150000
-8.8067800922663377e-13	600000	150000
-7.1198280080813199e-13	650000	150000
-5.7244395253207315e-13	700000	150000
-4.5341278100653231e-13	750000	150000
-3.4872901322886270e-13	800000	150000
-2.5398713606424642e-13	850000	150000
-1.6592262792897608e-13	900000	150000
-8.1977617647201670e-14	950000	150000
0.0000000000000000e+00	1000000	150000
0.0000000000000000e+00	0	200000
-1.0610612383478027e-13	50000	200000
-2.1450649712628808e-13	100000	200000
-3.2766247461477714e-13	150000	200000
-4.4838863429371283e-13	200000	200000
-5.8007415879236632e-13	250000	200000
-7.2694345605585278e-13	300000	200000
-8.9431931226118692e-13	350000	200000
-1.0887426011461908e-12	400000	200000
-1.3175707265231937e-12	450000	200000
-1.4207165831277734e-12	500000	200000
-1.3175707265231933e-12	550000	200000
-1.0887426011461906e-12	600000	200000
-8.9431931226118692e-13	650000	200000
-7.2694345605585278e-13	700000	200000
-5.8007415879236632e-13	750000	200000
-4.4838863429371283e-13	800000	200000
-3.2766247461477714e-13	850000	200000
-2.1450649712628805e-13	900000	200000
-1.0610612383478025e-13	950000	200000
0.0000000000000000e+00	1000000	200000
0.0000000000000000e+00	0	250000
-1.2794038056563128e-13	50000	250000
-2.5833476212661892e-13	100000	250000
-3.9376763097486101e-13	150000	250000
-5.3708889053884533e-13	200000	250000
-6.9155176381336705e-13	250000	250000
-8.6093640063778483e-13	300000	250000
-1.0496083910345723e-12	350000	250000
-1.2624023565737484e-12	400000	250000
-1.5041494480641166e-12	450000	250000
-1.6120126998909938e-12	500000	250000
-1.5041494480641166e-12	550000	250000
-1.2624023565737480e-12	600000	250000
-1.0496083910345723e-12	650000	250000
-8.6093640063778504e-13	700000	250000
-6.9155176381336725e-13	750000	250000
-5.3708889053884533e-13	800000	250000
-3.9376763097486091e-13	850000	250000
-2.5833476212661887e-13	900000	250000
-1.2794038056563121e-13	950000	250000
0.0000000000000000e+00	1000000	250000
0.0000000000000000e+00	0	300000
-1.4732063630112596e-13	50000	300000
-2.9712453983969540e-13	100000	300000
-4.5198439661920295e-13	150000	300000
-6.1464753307344040e-13	200000	300000
-7.8810760528447211e-13	250000	300000
-9.7564199164734728e-13	300000	300000
-1.1807754946655694e-12	350000	300000
-1.4071089860501132e-12	400000	300000
-1.6579453426018638e-12	450000	300000
-1.7690353203079697e-12	500000	300000
-1.6579453426018638e-12	550000	300000
-1.4071089860501130e-12	600000	300000
-1.1807754946655694e-12	650000	300000
-9.7564199164734749e-13	700000	300000
-7.8810760528447221e-13	750000	300000
-6.1464753307344040e-13	800000	300000
-4.5198439661920275e-13	850000	300000
-2.9712453983969530e-13	900000	300000
-1.4732063630112591e-13	950000	300000
0.0000000000000000e+00	1000000	300000
0.0000000000000000e+00	0	350000
-1.6421762479917724e-13	50000	350000
-3.3085836431183380e-13	100000	350000
-5.0239788258881489e-13	150000	350000
-6.8140923985124129e-13	200000	350000
-8.7058913260373391e-13	250000	350000
-1.0727484660015637e-12	300000	350000
-1.2907426099302446e-12	350000	350000
-1.5273127503592727e-12	400000	350000
-1.7848209493185894e-12	450000	350000
-1.8982378961371580e-12	500000	350000
-1.7848209493185890e-12	550000	350000
-1.5273127503592715e-12	600000	350000
-1.2907426099302442e-12	650000	350000
-1.0727484660015633e-12	700000	350000
-8.7058913260373381e-13	750000	350000
-6.8140923985124098e-13	800000	350000
-5.0239788258881449e-13	850000	350000
-3.3085836431183364e-13	900000	350000
-1.6421762479917714e-13	950000	350000
0.0000000000000000e+00	1000000	350000
0.0000000000000000e+00	0	400000
-1.7869149858374918e-13	50000	400000
-3.5969341001964775e-13	100000	400000
-5.4533952957298139e-13	150000	400000
-7.3800241113897585e-13	200000	400000
-9.4009121927765882e-13	250000	400000
-1.1540201298249288e-12	300000	400000
-1.3821337286945725e-12	350000	400000
-1.6265784561381428e-12	400000	400000
-1.8891211415093963e-12	450000	400000
-2.0042743656034847e-12	500000	400000
-1.8891211415093963e-12	550000	400000
-1.6265784561381418e-12	600000	400000
-1.3821337286945723e-12	650000	400000
-1.1540201298249284e-12	700000	400000
-9.4009121927765841e-13	750000	400000
-7.3800241113897544e-13	800000	400000
-5.4533952957298098e-13	850000	400000
-3.5969341001964754e-13	900000	400000
-1.7869149858374911e-13	950000	400000
0.0000000000000000e+00	1000000	400000
0.0000000000000000e+00	0	450000
-1.9085495951617182e-13	50000	450000
-3.8388424761002682e-13	100000	450000
-5.8126441454448665e-13	150000	450000
-7.8516965585402230e-13	200000	450000
-9.9775320354299661e-13	250000	450000
-1.2211071053259207e-12	300000	450000
-1.4571937188849751e-12	350000	450000
-1.7077462039893278e-12	400000	450000
-1.9741441283107022e-12	450000	450000
-2.0906172832579883e-12	500000	450000
-1.9741441283107022e-12	550000	450000
-1.7077462039893270e-12	600000	450000
-1.4571937188849749e-12	650000	450000
-1.2211071053259201e-12	700000	450000
-9.9775320354299621e-13	750000	450000
-7.8516965585402200e-13	800000	450000
-5.8126441454448625e-13	850000	450000
-3.8388424761002662e-13	900000	450000
-1.9085495951617177e-13	950000	450000
0.0000000000000000e+00	1000000	450000
0.0000000000000000e+00	0	500000
-2.0084409187091128e-13	50000	500000
-4.0372420635980108e-13	100000	500000
-6.1066422514091601e-13	150000	500000
-8.2365859418962998e-13	200000	500000
-1.0446448337143850e-12	250000	500000
-1.2754613690507820e-12	300000	500000
-1.5177878375300793e-12	350000	500000
-1.7730685126234912e-12	400000	500000
-2.0424252178194316e-12	450000	500000
-2.1599065108070640e-12	500000	500000
-2.0424252178194308e-12	550000	500000
-1.7730685126234906e-12	600000	500000
-1.5177878375300787e-12	650000	500000
-1.2754613690507814e-12	700000	500000
-1.0446448337143843e-12	750000	500000
-8.2365859418962968e-13	800000	500000
-6.1066422514091561e-13	850000	500000
-4.0372420635980078e-13	900000	500000
-2.0084409187091121e-13	950000	500000
0.0000000000000000e+00	1000000	500000
0.0000000000000000e+00	0	550000
-2.0879720160767243e-13	50000	550000
-4.1950426081735006e-13	100000	550000
-6.3400968546974624e-13	150000	550000
-8.5415566204919685e-13	200000	550000
-1.0817061680741309e-12	250000	550000
-1.3183056996327423e-12	300000	550000
-1.5654277495610695e-12	350000	550000
-1.8243147911551264e-12	400000	550000
-2.0959150528698024e-12	450000	550000
-2.2141583243314056e-12	500000	550000
-2.0959150528698015e-12	550000	550000
-1.8243147911551260e-12	600000	550000
-1.5654277495610690e-12	650000	550000
-1.3183056996327419e-12	700000	550000
-1.0817061680741309e-12	750000	550000
-8.5415566204919655e-13	800000	550000
-6.3400968546974573e-13	850000	550000
-4.1950426081734981e-13	900000	550000
-2.0879720160767233e-13	950000	550000
0.0000000000000000e+00	1000000	550000
0.0000000000000000e+00	0	600000
-2.1484045374242823e-13	50000	600000
-4.3148594983218063e-13	100000	600000
-6.5171459387152142e-13	150000	600000
-8.7724820046328021e-13	200000	600000
-1.1097184769002008e-12	250000	600000
-1.3506275118449865e-12	300000	600000
-1.6013026699263304e-12	350000	600000
-1.8628478495661432e-12	400000	600000
-2.1360952115065789e-12	450000	600000
-2.2548966807789553e-12	500000	600000
-2.1360952115065785e-12	550000	600000
-1.8628478495661424e-12	600000	600000
-1.6013026699263298e-12	650000	600000
-1.3506275118449863e-12	700000	600000
-1.1097184769002008e-12	750000	600000
-8.7724820046328021e-13	800000	600000
-6.5171459387152122e-13	850000	600000
-4.3148594983218053e-13	900000	600000
-2.1484045374242821e-13	950000	600000
0.0000000000000000e+00	1000000	600000
0.0000000000000000e+00	0	650000
-2.1907866352985995e-13	50000	650000
-4.3988449089742304e-13	100000	650000
-6.6411453972087885e-13	150000	650000
-8.9340406903220242e-13	200000	650000
-1.1292920272184064e-12	250000	650000
-1.3731832009206727e-12	300000	650000
-1.6263075687331233e-12	350000	650000
-1.8896787256765374e-12	400000	650000
-2.1640545961447491e-12	450000	650000
-2.2832379757712582e-12	500000	650000
-2.1640545961447491e-12	550000	650000
-1.8896787256765366e-12	600000	650000
-1.6263075687331223e-12	650000	650000
-1.3731832009206725e-12	700000	650000
-1.1292920272184062e-12	750000	650000
-8.9340406903220242e-13	800000	650000
-6.6411453972087865e-13	850000	650000
-4.3988449089742304e-13	900000	650000
-2.1907866352986000e-13	950000	650000
0.0000000000000000e+00	1000000	650000
0.0000000000000000e+00	0	700000
-2.2158970947958877e-13	50000	700000
-4.4485881050677276e-13	100000	700000
-6.7145500508236822e-13	150000	700000
-9.0296150872624461e-13	200000	700000
-1.1408623620205491e-12	250000	700000
-1.3865056958861746e-12	300000	700000
-1.6410656784089526e-12	350000	700000
-1.9055048882621337e-12	400000	700000
-2.1805398049579576e-12	450000	700000
-2.2999460300165784e-12	500000	700000
-2.1805398049579568e-12	550000	700000
-1.9055048882621329e-12	600000	700000
-1.6410656784089522e-12	650000	700000
-1.3865056958861746e-12	700000	700000
-1.1408623620205491e-12	750000	700000
-9.0296150872624471e-13	800000	700000
-6.7145500508236822e-13	850000	700000
-4.4485881050677276e-13	900000	700000
-2.2158970947958872e-13	950000	700000
0.0000000000000000e+00	1000000	700000
0.0000000000000000e+00	0	750000
-2.2242136388172217e-13	50000	750000
-4.4650603656771112e-13	100000	750000
-6.7388516137557690e-13	150000	750000
-9.0612459876985935e-13	200000	750000
-1.1446902162513707e-12	250000	750000
-1.3909115421945251e-12	300000	750000
-1.6459445607543797e-12	350000	750000
-1.9107353440050874e-12	400000	750000
-2.1859870387417027e-12	450000	750000
-2.3054665343791407e-12	500000	750000
-2.1859870387417019e-12	550000	750000
-1.9107353440050870e-12	600000	750000
-1.6459445607543791e-12	650000	750000
-1.3909115421945247e-12	700000	750000
-1.1446902162513703e-12	750000	750000
-9.0612459876985925e-13	800000	750000
-6.7388516137557690e-13	850000	750000
-4.4650603656771122e-13	900000	750000
-2.2242136388172222e-13	950000	750000
0.0000000000000000e+00	1000000	750000
0.0000000000000000e+00	0	800000
-2.2158970947958880e-13	50000	800000
-4.4485881050677291e-13	100000	800000
-6.7145500508236852e-13	150000	800000
-9.0296150872624502e-13	200000	800000
-1.1408623620205497e-12	250000	800000
-1.3865056958861754e-12	300000	800000
-1.6410656784089536e-12	350000	800000
-1.9055048882621346e-12	400000	800000
-2.1805398049579584e-12	450000	800000
-2.2999460300165792e-12	500000	800000
-2.1805398049579580e-12	550000	800000
-1.9055048882621337e-12	600000	800000
-1.6410656784089528e-12	650000	800000
-1.3865056958861748e-12	700000	800000
-1.1408623620205493e-12	750000	800000
-9.0296150872624502e-13	800000	800000
-6.7145500508236862e-13	850000	800000
-4.4485881050677301e-13	900000	800000
-2.2158970947958882e-13	950000	800000
0.0000000000000000e+00	1000000	800000
0.0000000000000000e+00	0	850000
-2.1907866352986010e-13	50000	850000
-4.3988449089742324e-13	100000	850000
-6.6411453972087915e-13	150000	850000
-8.9340406903220282e-13	200000	850000
-1.1292920272184068e-12	250000	850000
-1.3731832009206733e-12	300000	850000
-1.6263075687331244e-12	350000	850000
-1.8896787256765390e-12	400000	850000
-2.1640545961447508e-12	450000	850000
-2.2832379757712590e-12	500000	850000
-2.1640545961447504e-12	550000	850000
-1.8896787256765378e-12	600000	850000
-1.6263075687331238e-12	650000	850000
-1.3731832009206733e-12	700000	850000
-1.1292920272184070e-12	750000	850000
-8.9340406903220332e-13	800000	850000
-6.6411453972087925e-13	850000	850000
-4.3988449089742339e-13	900000	850000
-2.1907866352986028e-13	950000	850000
0.0000000000000000e+00	1000000	850000
0.0000000000000000e+00	0	900000
-2.1484045374242836e-13	50000	900000
-4.3148594983218093e-13	100000	900000
-6.5171459387152202e-13	150000	900000
-8.7724820046328101e-13	200000	900000
-1.1097184769002021e-12	250000	900000
-1.3506275118449877e-12	300000	900000
-1.6013026699263316e-12	350000	900000
-1.8628478495661444e-12	400000	900000
-2.1360952115065801e-12	450000	900000
-2.2548966807789569e-12	500000	900000
-2.1360952115065797e-12	550000	900000
-1.8628478495661440e-12	600000	900000
-1.6013026699263310e-12	650000	900000
-1.3506275118449873e-12	700000	900000
-1.1097184769002019e-12	750000	900000
-8.7724820046328091e-13	800000	900000
-6.5171459387152202e-13	850000	900000
-4.3148594983218109e-13	900000	900000
-2.1484045374242849e-13	950000	900000
0.0000000000000000e+00	1000000	900000
0.0000000000000000e+00	0	950000
-2.0879720160767253e-13	50000	950000
-4.1950426081735021e-13	100000	950000
-6.3400968546974634e-13	150000	950000
-8.5415566204919736e-13	200000	950000
-1.0817061680741319e-12	250000	950000
-1.3183056996327431e-12	300000	950000
-1.5654277495610703e-12	350000	950000
-1.8243147911551276e-12	400000	950000
-2.0959150528698040e-12	450000	950000
-2.2141583243314080e-12	500000	950000
-2.0959150528698040e-12	550000	950000
-1.8243147911551272e-12	600000	950000
-1.5654277495610701e-12	650000	950000
-1.3183056996327427e-12	700000	950000
-1.0817061680741319e-12	750000	950000
-8.5415566204919756e-13	800000	950000
-6.3400968546974664e-13	850000	950000
-4.1950426081735042e-13	900000	950000
-2.0879720160767258e-13	950000	950000
0.0000000000000000e+00	1000000	950000
0.0000000000000000e+00	0	1000000
-2.0084409187091141e-13	50000	1000000
-4.0372420635980118e-13	100000	1000000
-6.1066422514091611e-13	150000	1000000
-8.2365859418963028e-13	200000	1000000
-1.0446448337143854e-12	250000	1000000
-1.2754613690507824e-12	300000	1000000
-1.5177878375300799e-12	350000	1000000
-1.7730685126234924e-12	400000	1000000
-2.0424252178194332e-12	450000	1000000
-2.1599065108070665e-12	500000	1000000
-2.0424252178194336e-12	550000	1000000
-1.7730685126234922e-12	600000	1000000
-1.5177878375300801e-12	650000	1000000
-1.2754613690507826e-12	700000	1000000
-1.0446448337143858e-12	750000	1000000
-8.2365859418963069e-13	800000	1000000
-6.1066422514091652e-13	850000	1000000
-4.0372420635980128e-13	900000	1000000
-2.0084409187091143e-13	950000	1000000
0.0000000000000000e+00	1000000	1000000
0.0000000000000000e+00	0	1050000
-1.9085495951617190e-13	50000	1050000
-3.8388424761002692e-13	100000	1050000
-5.8126441454448676e-13	150000	1050000
-7.8516965585402250e-13	200000	1050000
-9.9775320354299722e-13	250000	1050000
-1.2211071053259213e-12	300000	1050000
-1.4571937188849759e-12	350000	1050000
-1.7077462039893292e-12	400000	1050000
-1.9741441283107050e-12	450000	1050000
-2.0906172832579911e-12	500000	1050000
-1.9741441283107046e-12	550000	1050000
-1.7077462039893290e-12	600000	1050000
-1.4571937188849763e-12	650000	1050000
-1.2211071053259219e-12	700000	1050000
-9.9775320354299762e-13	750000	1050000
-7.8516965585402301e-13	800000	1050000
-5.8126441454448706e-13	850000	1050000
-3.8388424761002707e-13	900000	1050000
-1.9085495951617197e-13	950000	1050000
0.0000000000000000e+00	1000000	1050000
0.0000000000000000e+00	0	1100000
-1.7869149858374928e-13	50000	1100000
-3.5969341001964785e-13	100000	1100000
-5.4533952957298149e-13	150000	1100000
-7.3800241113897625e-13	200000	1100000
-9.4009121927765942e-13	250000	1100000
-1.1540201298249296e-12	300000	1100000
-1.3821337286945731e-12	350000	1100000
-1.6265784561381435e-12	400000	1100000
-1.8891211415093979e-12	450000	1100000
-2.0042743656034863e-12	500000	1100000
-1.8891211415093975e-12	550000	1100000
-1.6265784561381439e-12	600000	1100000
-1.3821337286945740e-12	650000	1100000
-1.1540201298249304e-12	700000	1100000
-9.4009121927765983e-13	750000	1100000
-7.3800241113897665e-13	800000	1100000
-5.4533952957298179e-13	850000	1100000
-3.5969341001964810e-13	900000	1100000
-1.7869149858374936e-13	950000	1100000
0.0000000000000000e+00	1000000	1100000
0.0000000000000000e+00	0	1150000
-1.6421762479917734e-13	50000	1150000
-3.3085836431183400e-13	100000	1150000
-5.0239788258881509e-13	150000	1150000
-6.8140923985124169e-13	200000	1150000
-8.7058913260373462e-13	250000	1150000
-1.0727484660015646e-12	300000	1150000
-1.2907426099302454e-12	350000	1150000
-1.5273127503592735e-12	400000	1150000
-1.7848209493185906e-12	450000	1150000
-1.8982378961371596e-12	500000	1150000
-1.7848209493185906e-12	550000	1150000
-1.5273127503592737e-12	600000	1150000
-1.2907426099302460e-12	650000	1150000
-1.0727484660015650e-12	700000	1150000
-8.7058913260373492e-13	750000	1150000
-6.8140923985124199e-13	800000	1150000
-5.0239788258881520e-13	850000	1150000
-3.3085836431183410e-13	900000	1150000
-1.6421762479917739e-13	950000	1150000
0.0000000000000000e+00	1000000	1150000
0.0000000000000000e+00	0	1200000
-1.4732063630112609e-13	50000	1200000
-2.9712453983969565e-13	100000	1200000
-4.5198439661920325e-13	150000	1200000
-6.1464753307344090e-13	200000	1200000
-7.8810760528447272e-13	250000	1200000
-9.7564199164734809e-13	300000	1200000
-1.1807754946655702e-12	350000	1200000
-1.4071089860501140e-12	400000	1200000
-1.6579453426018646e-12	450000	1200000
-1.7690353203079707e-12	500000	1200000
-1.6579453426018648e-12	550000	1200000
-1.4071089860501142e-12	600000	1200000
-1.1807754946655706e-12	650000	1200000
-9.7564199164734850e-13	700000	1200000
-7.8810760528447292e-13	750000	1200000
-6.1464753307344100e-13	800000	1200000
-4.5198439661920325e-13	850000	1200000
-2.9712453983969570e-13	900000	1200000
-1.4732063630112614e-13	950000	1200000
0.0000000000000000e+00	1000000	1200000
0.0000000000000000e+00	0	1250000
-1.2794038056563138e-13	50000	1250000
-2.5833476212661918e-13	100000	1250000
-3.9376763097486131e-13	150000	1250000
-5.3708889053884564e-13	200000	1250000
-6.9155176381336745e-13	250000	1250000
-8.6093640063778534e-13	300000	1250000
-1.0496083910345729e-12	350000	1250000
-1.2624023565737488e-12	400000	1250000
-1.5041494480641166e-12	450000	1250000
-1.6120126998909944e-12	500000	1250000
-1.5041494480641170e-12	550000	1250000
-1.2624023565737490e-12	600000	1250000
-1.0496083910345729e-12	650000	1250000
-8.6093640063778544e-13	700000	1250000
-6.9155176381336776e-13	750000	1250000
-5.3708889053884584e-13	800000	1250000
-3.9376763097486141e-13	850000	1250000
-2.5833476212661918e-13	900000	1250000
-1.2794038056563143e-13	950000	1250000
0.0000000000000000e+00	1000000	1250000
0.0000000000000000e+00	0	1300000
-1.0610612383478032e-13	50000	1300000
-2.1450649712628820e-13	100000	1300000
-3.2766247461477724e-13	150000	1300000
-4.4838863429371304e-13	200000	1300000
-5.8007415879236652e-13	250000	1300000
-7.2694345605585298e-13	300000	1300000
-8.9431931226118732e-13	350000	1300000
-1.0887426011461910e-12	400000	1300000
-1.3175707265231937e-12	450000	1300000
-1.4207165831277736e-12	500000	1300000
-1.3175707265231935e-12	550000	1300000
-1.0887426011461910e-12	600000	1300000
-8.9431931226118722e-13	650000	1300000
-7.2694345605585318e-13	700000	1300000
-5.8007415879236672e-13	750000	1300000
-4.4838863429371314e-13	800000	1300000
-3.2766247461477734e-13	850000	1300000
-2.1450649712628828e-13	900000	1300000
-1.0610612383478037e-13	950000	1300000
0.0000000000000000e+00	1000000	1300000
0.0000000000000000e+00	0	1350000
-8.1977617647201733e-14	50000	1350000
-1.6592262792897621e-13	100000	1350000
-2.5398713606424652e-13	150000	1350000
-3.4872901322886280e-13	200000	1350000
-4.5341278100653251e-13	250000	1350000
-5.7244395253207325e-13	300000	1350000
-7.1198280080813220e-13	350000	1350000
-8.8067800922663407e-13	400000	1350000
-1.0900076070880264e-12	450000	1350000
-1.1857121795737133e-12	500000	1350000
-1.0900076070880262e-12	550000	1350000
-8.8067800922663377e-13	600000	1350000
-7.1198280080813220e-13	650000	1350000
-5.7244395253207335e-13	700000	1350000
-4.5341278100653261e-13	750000	1350000
-3.4872901322886290e-13	800000	1350000
-2.5398713606424662e-13	850000	1350000
-1.6592262792897626e-13	900000	1350000
-8.1977617647201758e-14	950000	1350000
0.0000000000000000e+00	1000000	1350000
0.0000000000000000e+00	0	1400000
-5.5881718825050427e-14	50000	1400000
-1.1321926087816826e-13	100000	1400000
-1.7363442848436996e-13	150000	1400000
-2.3912750155095929e-13	200000	1400000
-3.1240399947282740e-13	250000	1400000
-3.9743677225777528e-13	300000	1400000
-5.0048992921263485e-13	350000	1400000
-6.3197902786418662e-13	400000	1400000
-8.0940284636189810e-13	450000	1400000
-8.9211692099102724e-13	500000	1400000
-8.0940284636189800e-13	550000	1400000
-6.3197902786418652e-13	600000	1400000
-5.0048992921263475e-13	650000	1400000
-3.9743677225777523e-13	700000	1400000
-3.1240399947282745e-13	750000	1400000
-2.3912750155095934e-13	800000	1400000
-1.7363442848437001e-13	850000	1400000
-1.1321926087816829e-13	900000	1400000
-5.5881718825050446e-14	950000	1400000
0.0000000000000000e+00	1000000	1400000
0.0000000000000000e+00	0	1450000
-2.8329996774831716e-14	50000	1450000
-5.7438268274276450e-14	100000	1450000
-8.8203815444105838e-14	150000	1450000
-1.2174256501777692e-13	200000	1450000
-1.5963894307604251e-13	250000	1450000
-2.0440920781356571e-13	300000	1450000
-2.6056111592044498e-13	350000	1450000
-3.3734532665557933e-13	400000	1450000
-4.5684116283768595e-13	450000	1450000
-5.1394981166659962e-13	500000	1450000
-4.5684116283768595e-13	550000	1450000
-3.3734532665557933e-13	600000	1450000
-2.6056111592044493e-13	650000	1450000
-2.0440920781356564e-13	700000	1450000
-1.5963894307604246e-13	750000	1450000
-1.2174256501777692e-13	800000	1450000
-8.8203815444105838e-14	850000	1450000
-5.7438268274276463e-14	900000	1450000
-2.8329996774831729e-14	950000	1450000
0.0000000000000000e+00	1000000	1450000
0.0000000000000000e+00	0	1500000
0.0000000000000000e+00	50000	1500000
0.0000000000000000e+00	100000	1500000
0.0000000000000000e+00	150000	1500000
0.0000000000000000e+00	200000	1500000
0.0000000000000000e+00	250000	1500000
0.0000000000000000e+00	300000	1500000
0.0000000000000000e+00	350000	1500000
0.0000000000000000e+00	400000	1500000
0.0000000000000000e+00	450000	1500000
0.0000000000000000e+00	500000	1500000
0.0000000000000000e+00	550000	1500000
0.0000000000000000e+00	600000	1500000
0.0000000000000000e+00	650000	1500000
0.0000000000000000e+00	700000	1500000
0.0000000000000000e+00	750000	1500000
0.0000000000000000e+00	800000	1500000
0.0000000000000000e+00	850000	1500000
0.0000000000000000e+00	900000	1500000
0.0000000000000000e+00	950000	1500000
0.0000000000000000e+00	1000000	1500000
