0.0000000000000000e+00	0	0
0.0000000000000000e+00	50000	0
0.0000000000000000e+00	100000	0
0.0000000000000000e+00	150000	0
0.0000000000000000e+00	200000	0
0.0000000000000000e+00	250000	0
0.0000000000000000e+00	300000	0
0.0000000000000000e+00	350000	0
0.0000000000000000e+00	400000	0
0.0000000000000000e+00	450000	0
0.0000000000000000e+00	500000	0
0.0000000000000000e+00	550000	0
0.0000000000000000e+00	600000	0
0.0000000000000000e+00	650000	0
0.0000000000000000e+00	700000	0
0.0000000000000000e+00	750000	0
0.0000000000000000e+00	800000	0
0.0000000000000000e+00	850000	0
0.0000000000000000e+00	900000	0
0.0000000000000000e+00	950000	0
0.0000000000000000e+00	1000000	0
0.0000000000000000e+00	0	50000
-9.4433322582772397e-15	50000	50000
-1.9146089424758816e-14	100000	50000
-2.9401271814701948e-14	150000	50000
-4.0580855005925639e-14	200000	50000
-5.3212981025347503e-14	250000	50000
-6.8136402604521888e-14	300000	50000
-8.6853705306815003e-14	350000	50000
-1.1244844221852649e-13	400000	50000
-1.5228038761256202e-13	450000	50000
-1.7131660388886664e-13	500000	50000
-1.5228038761256197e-13	550000	50000
-1.1244844221852645e-13	600000	50000
-8.6853705306814940e-14	650000	50000
-6.8136402604521862e-14	700000	50000
-5.3212981025347465e-14	750000	50000
-4.0580855005925614e-14	800000	50000
-2.9401271814701923e-14	850000	50000
-1.9146089424758806e-14	900000	50000
-9.4433322582772350e-15	950000	50000
0.0000000000000000e+00	1000000	50000
0.0000000000000000e+00	0	100000
-1.8627239608350140e-14	50000	100000
-3.7739753626056087e-14	100000	100000
-5.7878142828123328e-14	150000	100000
-7.9709167183653092e-14	200000	100000
-1.0413466649094245e-13	250000	100000
-1.3247892408592510e-13	300000	100000
-1.6682997640421163e-13	350000	100000
-2.1065967595472892e-13	400000	100000
-2.6980094878729952e-13	450000	100000
-2.9737230699700916e-13	500000	100000
-2.6980094878729937e-13	550000	100000
-2.1065967595472889e-13	600000	100000
-1.6682997640421158e-13	650000	100000
-1.3247892408592505e-13	700000	100000
-1.0413466649094241e-13	750000	100000
-7.9709167183653042e-14	800000	100000
-5.7878142828123291e-14	850000	100000
-3.7739753626056062e-14	900000	100000
-1.8627239608350131e-14	950000	100000
0.0000000000000000e+00	1000000	100000
0.0000000000000000e+00	0	150000
-2.7325872549067240e-14	50000	150000
-5.5307542642992049e-14	100000	150000
-8.4662378688082186e-14	150000	150000
-1.1624300440962092e-13	200000	150000
-1.5113759366884414e-13	250000	150000
-1.9081465084402440e-13	300000	150000
-2.3732760026937743e-13	350000	150000
-2.9355933640887807e-13	400000	150000
-3.6333586902934217e-13	450000	150000
-3.9523739319123783e-13	500000	150000
-3.6333586902934212e-13	550000	150000
-2.9355933640887807e-13	600000	150000
-2.3732760026937743e-13	650000	150000
-1.9081465084402438e-13	700000	150000
-1.5113759366884414e-13	750000	150000
-1.1624300440962089e-13	800000	150000
-8.4662378688082148e-14	850000	150000
-5.5307542642992030e-14	900000	150000
-2.7325872549067228e-14	950000	150000
0.0000000000000000e+00	1000000	150000
0.0000000000000000e+00	0	200000
-3.5368707944926765e-14	50000	200000
-7.1502165708762727e-14	100000	200000
-1.0922082487159239e-13	150000	200000
-1.4946287809790430e-13	200000	200000
-1.9335805293078879e-13	250000	200000
-2.4231448535195101e-13	300000	200000
-2.9810643742039567e-13	350000	200000
-3.6291420038206355e-13	400000	200000
-4.3919024217439785e-13	450000	200000
-4.7357219437592452e-13	500000	200000
-4.3919024217439775e-13	550000	200000
-3.6291420038206350e-13	600000	200000
-2.9810643742039572e-13	650000	200000
-2.4231448535195096e-13	700000	200000
-1.9335805293078879e-13	750000	200000
-1.4946287809790428e-13	800000	200000
-1.0922082487159236e-13	850000	200000
-7.1502165708762689e-14	900000	200000
-3.5368707944926753e-14	950000	200000
0.0000000000000000e+00	1000000	200000
0.0000000000000000e+00	0	250000
-4.2646793521877107e-14	50000	250000
-8.6111587375539667e-14	100000	250000
-1.3125587699162040e-13	150000	250000
-1.7902963017961509e-13	200000	250000
-2.3051725460445573e-13	250000	250000
-2.8697880021259498e-13	300000	250000
-3.4986946367819079e-13	350000	250000
-4.2080078552458277e-13	400000	250000
-5.0138314935470565e-13	450000	250000
-5.3733756663033122e-13	500000	250000
-5.0138314935470525e-13	550000	250000
-4.2080078552458262e-13	600000	250000
-3.4986946367819079e-13	650000	250000
-2.8697880021259493e-13	700000	250000
-2.3051725460445568e-13	750000	250000
-1.7902963017961509e-13	800000	250000
-1.3125587699162035e-13	850000	250000
-8.6111587375539642e-14	900000	250000
-4.2646793521877094e-14	950000	250000
0.0000000000000000e+00	1000000	250000
0.0000000000000000e+00	0	300000
-4.9106878767042015e-14	50000	300000
-9.9041513279898476e-14	100000	300000
-1.5066146553973433e-13	150000	300000
-2.0488251102448015e-13	200000	300000
-2.6270253509482407e-13	250000	300000
-3.2521399721578263e-13	300000	300000
-3.9359183155518985e-13	350000	300000
-4.6903632868337124e-13	400000	300000
-5.5264844753395476e-13	450000	300000
-5.8967844010265662e-13	500000	300000
-5.5264844753395446e-13	550000	300000
-4.6903632868337104e-13	600000	300000
-3.9359183155518975e-13	650000	300000
-3.2521399721578253e-13	700000	300000
-2.6270253509482412e-13	750000	300000
-2.0488251102448015e-13	800000	300000
-1.5066146553973433e-13	850000	300000
-9.9041513279898476e-14	900000	300000
-4.9106878767042002e-14	950000	300000
0.0000000000000000e+00	1000000	300000
0.0000000000000000e+00	0	350000
-5.4739208266392439e-14	50000	350000
-1.1028612143727796e-13	100000	350000
-1.6746596086293834e-13	150000	350000
-2.2713641328374710e-13	200000	350000
-2.9019637753457802e-13	250000	350000
-3.5758282200052122e-13	300000	350000
-4.3024753664341490e-13	350000	350000
-5.0910425011975767e-13	400000	350000
-5.9494031643952983e-13	450000	350000
-6.3274596537905271e-13	500000	350000
-5.9494031643952962e-13	550000	350000
-5.0910425011975727e-13	600000	350000
-4.3024753664341474e-13	650000	350000
-3.5758282200052116e-13	700000	350000
-2.9019637753457802e-13	750000	350000
-2.2713641328374707e-13	800000	350000
-1.6746596086293831e-13	850000	350000
-1.1028612143727793e-13	900000	350000
-5.4739208266392420e-14	950000	350000
0.0000000000000000e+00	1000000	350000
0.0000000000000000e+00	0	400000
-5.9563832861249753e-14	50000	400000
-1.1989780333988262e-13	100000	400000
-1.8177984319099380e-13	150000	400000
-2.4600080371299200e-13	200000	400000
-3.1336373975921966e-13	250000	400000
-3.8467337660830967e-13	300000	400000
-4.6071124289819095e-13	350000	400000
-5.4219281871271411e-13	400000	400000
-6.2970704716979887e-13	450000	400000
-6.6809145520116161e-13	500000	400000
-6.2970704716979887e-13	550000	400000
-5.4219281871271401e-13	600000	400000
-4.6071124289819085e-13	650000	400000
-3.8467337660830957e-13	700000	400000
-3.1336373975921961e-13	750000	400000
-2.4600080371299190e-13	800000	400000
-1.8177984319099372e-13	850000	400000
-1.1989780333988257e-13	900000	400000
-5.9563832861249728e-14	950000	400000
0.0000000000000000e+00	1000000	400000
0.0000000000000000e+00	0	450000
-6.3618319838723949e-14	50000	450000
-1.2796141587000899e-13	100000	450000
-1.9375480484816224e-13	150000	450000
-2.6172321861800750e-13	200000	450000
-3.3258440118099899e-13	250000	450000
-4.0703570177530690e-13	300000	450000
-4.8573123962832511e-13	350000	450000
-5.6924873466310937e-13	400000	450000
-6.5804804277023434e-13	450000	450000
-6.9687242775266293e-13	500000	450000
-6.5804804277023454e-13	550000	450000
-5.6924873466310937e-13	600000	450000
-4.8573123962832501e-13	650000	450000
-4.0703570177530675e-13	700000	450000
-3.3258440118099894e-13	750000	450000
-2.6172321861800735e-13	800000	450000
-1.9375480484816222e-13	850000	450000
-1.2796141587000894e-13	900000	450000
-6.3618319838723949e-14	950000	450000
0.0000000000000000e+00	1000000	450000
0.0000000000000000e+00	0	500000
-6.6948030623637128e-14	50000	500000
-1.3457473545326709e-13	100000	500000
-2.0355474171363864e-13	150000	500000
-2.7455286472987669e-13	200000	500000
-3.4821494457146165e-13	250000	500000
-4.2515378968359407e-13	300000	500000
-5.0592927917669324e-13	350000	500000
-5.9102283754116381e-13	400000	500000
-6.8080840593981080e-13	450000	500000
-7.1996883693568818e-13	500000	500000
-6.8080840593981080e-13	550000	500000
-5.9102283754116391e-13	600000	500000
-5.0592927917669303e-13	650000	500000
-4.2515378968359387e-13	700000	500000
-3.4821494457146160e-13	750000	500000
-2.7455286472987664e-13	800000	500000
-2.0355474171363861e-13	850000	500000
-1.3457473545326699e-13	900000	500000
-6.6948030623637102e-14	950000	500000
0.0000000000000000e+00	1000000	500000
0.0000000000000000e+00	0	550000
-6.9599067202557480e-14	50000	550000
-1.3983475360578342e-13	100000	550000
-2.1133656182324875e-13	150000	550000
-2.8471855401639898e-13	200000	550000
-3.6056872269137705e-13	250000	550000
-4.3943523321091395e-13	300000	550000
-5.2180924985368985e-13	350000	550000
-6.0810493038504224e-13	400000	550000
-6.9863835095660085e-13	450000	550000
-7.3805277477713547e-13	500000	550000
-6.9863835095660085e-13	550000	550000
-6.0810493038504244e-13	600000	550000
-5.2180924985369005e-13	650000	550000
-4.3943523321091416e-13	700000	550000
-3.6056872269137715e-13	750000	550000
-2.8471855401639904e-13	800000	550000
-2.1133656182324872e-13	850000	550000
-1.3983475360578335e-13	900000	550000
-6.9599067202557467e-14	950000	550000
0.0000000000000000e+00	1000000	550000
0.0000000000000000e+00	0	600000
-7.1613484580809432e-14	50000	600000
-1.4382864994406028e-13	100000	600000
-2.1723819795717386e-13	150000	600000
-2.9241606682109350e-13	200000	600000
-3.6990615896673365e-13	250000	600000
-4.5020917061499550e-13	300000	600000
-5.3376755664211023e-13	350000	600000
-6.2094928318871454e-13	400000	600000
-7.1203173716885971e-13	450000	600000
-7.5163222692631863e-13	500000	600000
-7.1203173716885991e-13	550000	600000
-6.2094928318871464e-13	600000	600000
-5.3376755664211033e-13	650000	600000
-4.5020917061499560e-13	700000	600000
-3.6990615896673370e-13	750000	600000
-2.9241606682109355e-13	800000	600000
-2.1723819795717389e-13	850000	600000
-1.4382864994406028e-13	900000	600000
-7.1613484580809432e-14	950000	600000
0.0000000000000000e+00	1000000	600000
0.0000000000000000e+00	0	650000
-7.3026221176619984e-14	50000	650000
-1.4662816363247435e-13	100000	650000
-2.2137151324029298e-13	150000	650000
-2.9780135634406759e-13	200000	650000
-3.7643067573946880e-13	250000	650000
-4.5772773364022422e-13	300000	650000
-5.4210252291104112e-13	350000	650000
-6.2989290855884589e-13	400000	650000
-7.2135153204824971e-13	450000	650000
-7.6107932525708620e-13	500000	650000
-7.2135153204824992e-13	550000	650000
-6.2989290855884589e-13	600000	650000
-5.4210252291104122e-13	650000	650000
-4.5772773364022432e-13	700000	650000
-3.7643067573946875e-13	750000	650000
-2.9780135634406759e-13	800000	650000
-2.2137151324029303e-13	850000	650000
-1.4662816363247438e-13	900000	650000
-7.3026221176620035e-14	950000	650000
0.0000000000000000e+00	1000000	650000
0.0000000000000000e+00	0	700000
-7.3863236493196240e-14	50000	700000
-1.4828627016892430e-13	100000	700000
-2.2381833502745612e-13	150000	700000
-3.0098716957541497e-13	200000	700000
-3.8028745400684974e-13	250000	700000
-4.6216856529539157e-13	300000	700000
-5.4702189280298433e-13	350000	700000
-6.3516829608737798e-13	400000	700000
-7.2684660165265247e-13	450000	700000
-7.6664867667219298e-13	500000	700000
-7.2684660165265268e-13	550000	700000
-6.3516829608737808e-13	600000	700000
-5.4702189280298443e-13	650000	700000
-4.6216856529539177e-13	700000	700000
-3.8028745400684994e-13	750000	700000
-3.0098716957541512e-13	800000	700000
-2.2381833502745625e-13	850000	700000
-1.4828627016892435e-13	900000	700000
-7.3863236493196291e-14	950000	700000
0.0000000000000000e+00	1000000	700000
0.0000000000000000e+00	0	750000
-7.4140454627240718e-14	50000	750000
-1.4883534552257039e-13	100000	750000
-2.2462838712519234e-13	150000	750000
-3.0204153292328648e-13	200000	750000
-3.8156340541712357e-13	250000	750000
-4.6363718073150843e-13	300000	750000
-5.4864818691812666e-13	350000	750000
-6.3691178133502934e-13	400000	750000
-7.2866234624723422e-13	450000	750000
-7.6848884479304701e-13	500000	750000
-7.2866234624723433e-13	550000	750000
-6.3691178133502934e-13	600000	750000
-5.4864818691812676e-13	650000	750000
-4.6363718073150853e-13	700000	750000
-3.8156340541712378e-13	750000	750000
-3.0204153292328664e-13	800000	750000
-2.2462838712519242e-13	850000	750000
-1.4883534552257049e-13	900000	750000
-7.4140454627240768e-14	950000	750000
0.0000000000000000e+00	1000000	750000
0.0000000000000000e+00	0	800000
-7.3863236493196278e-14	50000	800000
-1.4828627016892435e-13	100000	800000
-2.2381833502745622e-13	150000	800000
-3.0098716957541512e-13	200000	800000
-3.8028745400684989e-13	250000	800000
-4.6216856529539197e-13	300000	800000
-5.4702189280298473e-13	350000	800000
-6.3516829608737829e-13	400000	800000
-7.2684660165265288e-13	450000	800000
-7.6664867667219318e-13	500000	800000
-7.2684660165265288e-13	550000	800000
-6.3516829608737829e-13	600000	800000
-5.4702189280298453e-13	650000	800000
-4.6216856529539197e-13	700000	800000
-3.8028745400685004e-13	750000	800000
-3.0098716957541522e-13	800000	800000
-2.2381833502745638e-13	850000	800000
-1.4828627016892445e-13	900000	800000
-7.3863236493196316e-14	950000	800000
0.0000000000000000e+00	1000000	800000
0.0000000000000000e+00	0	850000
-7.3026221176620048e-14	50000	850000
-1.4662816363247445e-13	100000	850000
-2.2137151324029306e-13	150000	850000
-2.9780135634406774e-13	200000	850000
-3.7643067573946900e-13	250000	850000
-4.5772773364022462e-13	300000	850000
-5.4210252291104162e-13	350000	850000
-6.2989290855884629e-13	400000	850000
-7.2135153204825032e-13	450000	850000
-7.6107932525708650e-13	500000	850000
-7.2135153204825042e-13	550000	850000
-6.2989290855884629e-13	600000	850000
-5.4210252291104152e-13	650000	850000
-4.5772773364022462e-13	700000	850000
-3.7643067573946910e-13	750000	850000
-2.9780135634406784e-13	800000	850000
-2.2137151324029324e-13	850000	850000
-1.4662816363247461e-13	900000	850000
-7.3026221176620085e-14	950000	850000
0.0000000000000000e+00	1000000	850000
0.0000000000000000e+00	0	900000
-7.1613484580809483e-14	50000	900000
-1.4382864994406033e-13	100000	900000
-2.1723819795717397e-13	150000	900000
-2.9241606682109371e-13	200000	900000
-3.6990615896673400e-13	250000	900000
-4.5020917061499595e-13	300000	900000
-5.3376755664211063e-13	350000	900000
-6.2094928318871494e-13	400000	900000
-7.1203173716886021e-13	450000	900000
-7.5163222692631894e-13	500000	900000
-7.1203173716886021e-13	550000	900000
-6.2094928318871494e-13	600000	900000
-5.3376755664211063e-13	650000	900000
-4.5020917061499595e-13	700000	900000
-3.6990615896673405e-13	750000	900000
-2.9241606682109381e-13	800000	900000
-2.1723819795717409e-13	850000	900000
-1.4382864994406043e-13	900000	900000
-7.1613484580809508e-14	950000	900000
0.0000000000000000e+00	1000000	900000
0.0000000000000000e+00	0	950000
-6.9599067202557480e-14	50000	950000
-1.3983475360578337e-13	100000	950000
-2.1133656182324882e-13	150000	950000
-2.8471855401639914e-13	200000	950000
-3.6056872269137730e-13	250000	950000
-4.3943523321091441e-13	300000	950000
-5.2180924985369025e-13	350000	950000
-6.0810493038504254e-13	400000	950000
-6.9863835095660126e-13	450000	950000
-7.3805277477713587e-13	500000	950000
-6.9863835095660126e-13	550000	950000
-6.0810493038504274e-13	600000	950000
-5.2180924985369025e-13	650000	950000
-4.3943523321091446e-13	700000	950000
-3.6056872269137735e-13	750000	950000
-2.8471855401639924e-13	800000	950000
-2.1133656182324890e-13	850000	950000
-1.3983475360578350e-13	900000	950000
-6.9599067202557530e-14	950000	950000
0.0000000000000000e+00	1000000	950000
0.0000000000000000e+00	0	1000000
-6.6948030623637128e-14	50000	1000000
-1.3457473545326707e-13	100000	1000000
-2.0355474171363874e-13	150000	1000000
-2.7455286472987679e-13	200000	1000000
-3.4821494457146170e-13	250000	1000000
-4.2515378968359412e-13	300000	1000000
-5.0592927917669334e-13	350000	1000000
-5.9102283754116411e-13	400000	1000000
-6.8080840593981110e-13	450000	1000000
-7.1996883693568859e-13	500000	1000000
-6.8080840593981110e-13	550000	1000000
-5.9102283754116421e-13	600000	1000000
-5.0592927917669354e-13	650000	1000000
-4.2515378968359433e-13	700000	1000000
-3.4821494457146190e-13	750000	1000000
-2.7455286472987690e-13	800000	1000000
-2.0355474171363881e-13	850000	1000000
-1.3457473545326712e-13	900000	1000000
-6.6948030623637140e-14	950000	1000000
0.0000000000000000e+00	1000000	1000000
0.0000000000000000e+00	0	1050000
-6.3618319838723949e-14	50000	1050000
-1.2796141587000899e-13	100000	1050000
-1.9375480484816224e-13	150000	1050000
-2.6172321861800750e-13	200000	1050000
-3.3258440118099899e-13	250000	1050000
-4.0703570177530700e-13	300000	1050000
-4.8573123962832521e-13	350000	1050000
-5.6924873466310967e-13	400000	1050000
-6.5804804277023495e-13	450000	1050000
-6.9687242775266343e-13	500000	1050000
-6.5804804277023485e-13	550000	1050000
-5.6924873466310977e-13	600000	1050000
-4.8573123962832542e-13	650000	1050000
-4.0703570177530730e-13	700000	1050000
-3.3258440118099929e-13	750000	1050000
-2.6172321861800765e-13	800000	1050000
-1.9375480484816237e-13	850000	1050000
-1.2796141587000904e-13	900000	1050000
-6.3618319838723987e-14	950000	1050000
0.0000000000000000e+00	1000000	1050000
0.0000000000000000e+00	0	1100000
-5.9563832861249740e-14	50000	1100000
-1.1989780333988262e-13	100000	1100000
-1.8177984319099377e-13	150000	1100000
-2.4600080371299205e-13	200000	1100000
-3.1336373975921971e-13	250000	1100000
-3.8467337660830977e-13	300000	1100000
-4.6071124289819105e-13	350000	1100000
-5.4219281871271442e-13	400000	1100000
-6.2970704716979928e-13	450000	1100000
-6.6809145520116221e-13	500000	1100000
-6.2970704716979938e-13	550000	1100000
-5.4219281871271452e-13	600000	1100000
-4.6071124289819145e-13	650000	1100000
-3.8467337660831007e-13	700000	1100000
-3.1336373975921996e-13	750000	1100000
-2.4600080371299215e-13	800000	1100000
-1.8177984319099390e-13	850000	1100000
-1.1989780333988270e-13	900000	1100000
-5.9563832861249791e-14	950000	1100000
0.0000000000000000e+00	1000000	1100000
0.0000000000000000e+00	0	1150000
-5.4739208266392426e-14	50000	1150000
-1.1028612143727797e-13	100000	1150000
-1.6746596086293831e-13	150000	1150000
-2.2713641328374720e-13	200000	1150000
-2.9019637753457812e-13	250000	1150000
-3.5758282200052137e-13	300000	1150000
-4.3024753664341495e-13	350000	1150000
-5.0910425011975777e-13	400000	1150000
-5.9494031643953013e-13	450000	1150000
-6.3274596537905331e-13	500000	1150000
-5.9494031643953033e-13	550000	1150000
-5.0910425011975787e-13	600000	1150000
-4.3024753664341535e-13	650000	1150000
-3.5758282200052157e-13	700000	1150000
-2.9019637753457827e-13	750000	1150000
-2.2713641328374730e-13	800000	1150000
-1.6746596086293842e-13	850000	1150000
-1.1028612143727805e-13	900000	1150000
-5.4739208266392471e-14	950000	1150000
0.0000000000000000e+00	1000000	1150000
0.0000000000000000e+00	0	1200000
-4.9106878767042015e-14	50000	1200000
-9.9041513279898501e-14	100000	1200000
-1.5066146553973438e-13	150000	1200000
-2.0488251102448025e-13	200000	1200000
-2.6270253509482422e-13	250000	1200000
-3.2521399721578268e-13	300000	1200000
-3.9359183155518995e-13	350000	1200000
-4.6903632868337144e-13	400000	1200000
-5.5264844753395496e-13	450000	1200000
-5.8967844010265703e-13	500000	1200000
-5.5264844753395506e-13	550000	1200000
-4.6903632868337144e-13	600000	1200000
-3.9359183155519015e-13	650000	1200000
-3.2521399721578283e-13	700000	1200000
-2.6270253509482432e-13	750000	1200000
-2.0488251102448033e-13	800000	1200000
-1.5066146553973443e-13	850000	1200000
-9.9041513279898551e-14	900000	1200000
-4.9106878767042034e-14	950000	1200000
0.0000000000000000e+00	1000000	1200000
0.0000000000000000e+00	0	1250000
-4.2646793521877113e-14	50000	1250000
-8.6111587375539679e-14	100000	1250000
-1.3125587699162045e-13	150000	1250000
-1.7902963017961520e-13	200000	1250000
-2.3051725460445583e-13	250000	1250000
-2.8697880021259508e-13	300000	1250000
-3.4986946367819089e-13	350000	1250000
-4.2080078552458292e-13	400000	1250000
-5.0138314935470555e-13	450000	1250000
-5.3733756663033153e-13	500000	1250000
-5.0138314935470575e-13	550000	1250000
-4.2080078552458302e-13	600000	1250000
-3.4986946367819099e-13	650000	1250000
-2.8697880021259513e-13	700000	1250000
-2.3051725460445588e-13	750000	1250000
-1.7902963017961525e-13	800000	1250000
-1.3125587699162045e-13	850000	1250000
-8.6111587375539717e-14	900000	1250000
-4.2646793521877139e-14	950000	1250000
0.0000000000000000e+00	1000000	1250000
0.0000000000000000e+00	0	1300000
-3.5368707944926765e-14	50000	1300000
-7.1502165708762727e-14	100000	1300000
-1.0922082487159241e-13	150000	1300000
-1.4946287809790435e-13	200000	1300000
-1.9335805293078881e-13	250000	1300000
-2.4231448535195106e-13	300000	1300000
-2.9810643742039577e-13	350000	1300000
-3.6291420038206360e-13	400000	1300000
-4.3919024217439785e-13	450000	1300000
-4.7357219437592463e-13	500000	1300000
-4.3919024217439790e-13	550000	1300000
-3.6291420038206371e-13	600000	1300000
-2.9810643742039582e-13	650000	1300000
-2.4231448535195106e-13	700000	1300000
-1.9335805293078884e-13	750000	1300000
-1.4946287809790435e-13	800000	1300000
-1.0922082487159245e-13	850000	1300000
-7.1502165708762764e-14	900000	1300000
-3.5368707944926784e-14	950000	1300000
0.0000000000000000e+00	1000000	1300000
0.0000000000000000e+00	0	1350000
-2.7325872549067240e-14	50000	1350000
-5.5307542642992062e-14	100000	1350000
-8.4662378688082199e-14	150000	1350000
-1.1624300440962097e-13	200000	1350000
-1.5113759366884419e-13	250000	1350000
-1.9081465084402445e-13	300000	1350000
-2.3732760026937748e-13	350000	1350000
-2.9355933640887807e-13	400000	1350000
-3.6333586902934212e-13	450000	1350000
-3.9523739319123778e-13	500000	1350000
-3.6333586902934217e-13	550000	1350000
-2.9355933640887802e-13	600000	1350000
-2.3732760026937743e-13	650000	1350000
-1.9081465084402445e-13	700000	1350000
-1.5113759366884419e-13	750000	1350000
-1.1624300440962097e-13	800000	1350000
-8.4662378688082211e-14	850000	1350000
-5.5307542642992074e-14	900000	1350000
-2.7325872549067250e-14	950000	1350000
0.0000000000000000e+00	1000000	1350000
0.0000000000000000e+00	0	1400000
-1.8627239608350140e-14	50000	1400000
-3.7739753626056087e-14	100000	1400000
-5.7878142828123328e-14	150000	1400000
-7.9709167183653105e-14	200000	1400000
-1.0413466649094247e-13	250000	1400000
-1.3247892408592513e-13	300000	1400000
-1.6682997640421161e-13	350000	1400000
-2.1065967595472889e-13	400000	1400000
-2.6980094878729942e-13	450000	1400000
-2.9737230699700916e-13	500000	1400000
-2.6980094878729947e-13	550000	1400000
-2.1065967595472889e-13	600000	1400000
-1.6682997640421166e-13	650000	1400000
-1.3247892408592513e-13	700000	1400000
-1.0413466649094247e-13	750000	1400000
-7.9709167183653117e-14	800000	1400000
-5.7878142828123341e-14	850000	1400000
-3.7739753626056100e-14	900000	1400000
-1.8627239608350150e-14	950000	1400000
0.0000000000000000e+00	1000000	1400000
0.0000000000000000e+00	0	1450000
-9.4433322582772397e-15	50000	1450000
-1.9146089424758816e-14	100000	1450000
-2.9401271814701942e-14	150000	1450000
-4.0580855005925645e-14	200000	1450000
-5.3212981025347503e-14	250000	1450000
-6.8136402604521913e-14	300000	1450000
-8.6853705306814991e-14	350000	1450000
-1.1244844221852648e-13	400000	1450000
-1.5228038761256200e-13	450000	1450000
-1.7131660388886669e-13	500000	1450000
-1.5228038761256200e-13	550000	1450000
-1.1244844221852648e-13	600000	1450000
-8.6853705306815003e-14	650000	1450000
-6.8136402604521913e-14	700000	1450000
-5.3212981025347497e-14	750000	1450000
-4.0580855005925639e-14	800000	1450000
-2.9401271814701948e-14	850000	1450000
-1.9146089424758825e-14	900000	1450000
-9.4433322582772445e-15	950000	1450000
0.0000000000000000e+00	1000000	1450000
0.0000000000000000e+00	0	1500000
0.0000000000000000e+00	50000	1500000
0.0000000000000000e+00	100000	1500000
0.0000000000000000e+00	150000	1500000
0.0000000000000000e+00	200000	1500000
0.0000000000000000e+00	250000	1500000
0.0000000000000000e+00	300000	1500000
0.0000000000000000e+00	350000	1500000
0.0000000000000000e+00	400000	1500000
0.0000000000000000e+00	450000	1500000
0.0000000000000000e+00	500000	1500000
0.0000000000000000e+00	550000	1500000
0.0000000000000000e+00	600000	1500000
0.0000000000000000e+00	650000	1500000
0.0000000000000000e+00	700000	1500000
0.0000000000000000e+00	750000	1500000
0.0000000000000000e+00	800000	1500000
0.0000000000000000e+00	850000	1500000
0.0000000000000000e+00	900000	1500000
0.0000000000000000e+00	950000	1500000
0.0000000000000000e+00	1000000	1500000
