0.0000000000000000e+00	0	0
0.0000000000000000e+00	50000	0
0.0000000000000000e+00	100000	0
0.0000000000000000e+00	150000	0
0.0000000000000000e+00	200000	0
0.0000000000000000e+00	250000	0
0.0000000000000000e+00	300000	0
0.0000000000000000e+00	350000	0
0.0000000000000000e+00	400000	0
0.0000000000000000e+00	450000	0
0.0000000000000000e+00	500000	0
0.0000000000000000e+00	550000	0
0.0000000000000000e+00	600000	0
0.0000000000000000e+00	650000	0
0.0000000000000000e+00	700000	0
0.0000000000000000e+00	750000	0
0.0000000000000000e+00	800000	0
0.0000000000000000e+00	850000	0
0.0000000000000000e+00	900000	0
0.0000000000000000e+00	950000	0
0.0000000000000000e+00	1000000	0
0.0000000000000000e+00	0	50000
-1.4910524618332488e-15	50000	50000
-3.0230667512777084e-15	100000	50000
-4.6423060760055707e-15	150000	50000
-6.4075034219882595e-15	200000	50000
-8.4020496355811887e-15	250000	50000
-1.0758379358608722e-14	300000	50000
-1.3713742943181319e-14	350000	50000
-1.7755017192398924e-14	400000	50000
-2.4044271728299276e-14	450000	50000
-2.7049990087715789e-14	500000	50000
-2.4044271728299273e-14	550000	50000
-1.7755017192398921e-14	600000	50000
-1.3713742943181316e-14	650000	50000
-1.0758379358608719e-14	700000	50000
-8.4020496355811808e-15	750000	50000
-6.4075034219882540e-15	800000	50000
-4.6423060760055667e-15	850000	50000
-3.0230667512777056e-15	900000	50000
-1.4910524618332475e-15	950000	50000
0.0000000000000000e+00	1000000	50000
0.0000000000000000e+00	0	100000
-2.9411430960552866e-15	50000	100000
-5.9589084672720148e-15	100000	100000
-9.1386541307563176e-15	150000	100000
-1.2585657976366279e-14	200000	100000
-1.6442315761727760e-14	250000	100000
-2.0917724855672385e-14	300000	100000
-2.6341575221717626e-14	350000	100000
-3.3262054098115109e-14	400000	100000
-4.2600149808520986e-14	450000	100000
-4.6953522157422509e-14	500000	100000
-4.2600149808520974e-14	550000	100000
-3.3262054098115097e-14	600000	100000
-2.6341575221717620e-14	650000	100000
-2.0917724855672385e-14	700000	100000
-1.6442315761727754e-14	750000	100000
-1.2585657976366271e-14	800000	100000
-9.1386541307563113e-15	850000	100000
-5.9589084672720100e-15	900000	100000
-2.9411430960552838e-15	950000	100000
0.0000000000000000e+00	1000000	100000
0.0000000000000000e+00	0	150000
-4.3146114551158819e-15	50000	150000
-8.7327698909987493e-15	100000	150000
-1.3367744003381400e-14	150000	150000
-1.8354158590992781e-14	200000	150000
-2.3863830579291183e-14	250000	150000
-3.0128629080635444e-14	300000	150000
-3.7472778989901717e-14	350000	150000
-4.6351474169822863e-14	400000	150000
-5.7368821425685630e-14	450000	150000
-6.2405904188090202e-14	500000	150000
-5.7368821425685617e-14	550000	150000
-4.6351474169822851e-14	600000	150000
-3.7472778989901705e-14	650000	150000
-3.0128629080635438e-14	700000	150000
-2.3863830579291180e-14	750000	150000
-1.8354158590992781e-14	800000	150000
-1.3367744003381395e-14	850000	150000
-8.7327698909987430e-15	900000	150000
-4.3146114551158780e-15	950000	150000
0.0000000000000000e+00	1000000	150000
0.0000000000000000e+00	0	200000
-5.5845328334094919e-15	50000	200000
-1.1289815638225699e-14	100000	200000
-1.7245393400777752e-14	150000	200000
-2.3599401804932260e-14	200000	200000
-3.0530218883808755e-14	250000	200000
-3.8260181897676484e-14	300000	200000
-4.7069437487430914e-14	350000	200000
-5.7302242165589003e-14	400000	200000
-6.9345827711747066e-14	450000	200000
-7.4774557006724944e-14	500000	200000
-6.9345827711747028e-14	550000	200000
-5.7302242165588991e-14	600000	200000
-4.7069437487430901e-14	650000	200000
-3.8260181897676471e-14	700000	200000
-3.0530218883808761e-14	750000	200000
-2.3599401804932257e-14	800000	200000
-1.7245393400777746e-14	850000	200000
-1.1289815638225688e-14	900000	200000
-5.5845328334094879e-15	950000	200000
0.0000000000000000e+00	1000000	200000
0.0000000000000000e+00	0	250000
-6.7337042402963882e-15	50000	250000
-1.3596566427716795e-14	100000	250000
-2.0724612156571644e-14	150000	250000
-2.8267836344149759e-14	200000	250000
-3.6397461253335130e-14	250000	250000
-4.5312442138830804e-14	300000	250000
-5.5242546896556457e-14	350000	250000
-6.6442229293355183e-14	400000	250000
-7.9165760424427221e-14	450000	250000
-8.4842773678473397e-14	500000	250000
-7.9165760424427184e-14	550000	250000
-6.6442229293355183e-14	600000	250000
-5.5242546896556438e-14	650000	250000
-4.5312442138830785e-14	700000	250000
-3.6397461253335123e-14	750000	250000
-2.8267836344149759e-14	800000	250000
-2.0724612156571634e-14	850000	250000
-1.3596566427716786e-14	900000	250000
-6.7337042402963827e-15	950000	250000
0.0000000000000000e+00	1000000	250000
0.0000000000000000e+00	0	300000
-7.7537177000592668e-15	50000	300000
-1.5638133675773452e-14	100000	300000
-2.3788652453642266e-14	150000	300000
-3.2349870161760031e-14	200000	300000
-4.1479347646551182e-14	250000	300000
-5.1349578507755153e-14	300000	300000
-6.2146078666608939e-14	350000	300000
-7.4058367686848101e-14	400000	300000
-8.7260281189571800e-14	450000	300000
-9.3107122121472116e-14	500000	300000
-8.7260281189571800e-14	550000	300000
-7.4058367686848088e-14	600000	300000
-6.2146078666608927e-14	650000	300000
-5.1349578507755140e-14	700000	300000
-4.1479347646551182e-14	750000	300000
-3.2349870161760025e-14	800000	300000
-2.3788652453642256e-14	850000	300000
-1.5638133675773443e-14	900000	300000
-7.7537177000592621e-15	950000	300000
0.0000000000000000e+00	1000000	300000
0.0000000000000000e+00	0	350000
-8.6430328841672301e-15	50000	350000
-1.7413598121675475e-14	100000	350000
-2.6441993820463951e-14	150000	350000
-3.5863644202696918e-14	200000	350000
-4.5820480663354432e-14	250000	350000
-5.6460445579029687e-14	300000	350000
-6.7933821575276052e-14	350000	350000
-8.0384881597856493e-14	400000	350000
-9.3937944700978411e-14	450000	350000
-9.9907257691429410e-14	500000	350000
-9.3937944700978411e-14	550000	350000
-8.0384881597856456e-14	600000	350000
-6.7933821575276039e-14	650000	350000
-5.6460445579029681e-14	700000	350000
-4.5820480663354432e-14	750000	350000
-3.5863644202696906e-14	800000	350000
-2.6441993820463932e-14	850000	350000
-1.7413598121675459e-14	900000	350000
-8.6430328841672207e-15	950000	350000
0.0000000000000000e+00	1000000	350000
0.0000000000000000e+00	0	400000
-9.4048157149341739e-15	50000	400000
-1.8931232106297262e-14	100000	400000
-2.8702080503841129e-14	150000	400000
-3.8842232165209275e-14	200000	400000
-4.9478485225139952e-14	250000	400000
-6.0737901569733124e-14	300000	400000
-7.2743880457609108e-14	350000	400000
-8.5609392428323322e-14	400000	400000
-9.9427428500494576e-14	450000	400000
-1.0548812450544659e-13	500000	400000
-9.9427428500494563e-14	550000	400000
-8.5609392428323284e-14	600000	400000
-7.2743880457609108e-14	650000	400000
-6.0737901569733112e-14	700000	400000
-4.9478485225139939e-14	750000	400000
-3.8842232165209256e-14	800000	400000
-2.8702080503841110e-14	850000	400000
-1.8931232106297243e-14	900000	400000
-9.4048157149341629e-15	950000	400000
0.0000000000000000e+00	1000000	400000
0.0000000000000000e+00	0	450000
-1.0044997869272205e-14	50000	450000
-2.0204434084738263e-14	100000	450000
-3.0592863923394040e-14	150000	450000
-4.1324718729159082e-14	200000	450000
-5.2513326502263001e-14	250000	450000
-6.4268795017153733e-14	300000	450000
-7.6694406257103957e-14	350000	450000
-8.9881379157333059e-14	400000	450000
-1.0390232254266858e-13	450000	450000
-1.1003248859252573e-13	500000	450000
-1.0390232254266856e-13	550000	450000
-8.9881379157333046e-14	600000	450000
-7.6694406257103970e-14	650000	450000
-6.4268795017153720e-14	700000	450000
-5.2513326502262976e-14	750000	450000
-4.1324718729159063e-14	800000	450000
-3.0592863923394027e-14	850000	450000
-2.0204434084738254e-14	900000	450000
-1.0044997869272202e-14	950000	450000
0.0000000000000000e+00	1000000	450000
0.0000000000000000e+00	0	500000
-1.0570741677416392e-14	50000	500000
-2.1248642439989545e-14	100000	500000
-3.2140222375837689e-14	150000	500000
-4.3350452325770000e-14	200000	500000
-5.4981307037599213e-14	250000	500000
-6.7129545739514828e-14	300000	500000
-7.9883570396319980e-14	350000	500000
-9.3319395401236380e-14	400000	500000
-1.0749606409575956e-13	450000	500000
-1.1367929004247708e-13	500000	500000
-1.0749606409575956e-13	550000	500000
-9.3319395401236380e-14	600000	500000
-7.9883570396319993e-14	650000	500000
-6.7129545739514841e-14	700000	500000
-5.4981307037599207e-14	750000	500000
-4.3350452325769994e-14	800000	500000
-3.2140222375837677e-14	850000	500000
-2.1248642439989529e-14	900000	500000
-1.0570741677416384e-14	950000	500000
0.0000000000000000e+00	1000000	500000
0.0000000000000000e+00	0	550000
-1.0989326400403817e-14	50000	550000
-2.2079171621965800e-14	100000	550000
-3.3368930814197178e-14	150000	550000
-4.4955561160484054e-14	200000	550000
-5.6931903582849029e-14	250000	550000
-6.9384510506986413e-14	300000	550000
-8.2390934187424729e-14	350000	550000
-9.6016567955532987e-14	400000	550000
-1.1031131857209485e-13	450000	550000
-1.1653464864902137e-13	500000	550000
-1.1031131857209485e-13	550000	550000
-9.6016567955532974e-14	600000	550000
-8.2390934187424729e-14	650000	550000
-6.9384510506986438e-14	700000	550000
-5.6931903582849017e-14	750000	550000
-4.4955561160484041e-14	800000	550000
-3.3368930814197165e-14	850000	550000
-2.2079171621965791e-14	900000	550000
-1.0989326400403812e-14	950000	550000
0.0000000000000000e+00	1000000	550000
0.0000000000000000e+00	0	600000
-1.1307392302233072e-14	50000	600000
-2.2709786833272675e-14	100000	600000
-3.4300768098501139e-14	150000	600000
-4.6170957919120021e-14	200000	600000
-5.8406235626326368e-14	250000	600000
-7.1085658518157192e-14	300000	600000
-8.4279087890859511e-14	350000	600000
-9.8044623661375946e-14	400000	600000
-1.1242606376350415e-13	450000	600000
-1.1867877267257660e-13	500000	600000
-1.1242606376350415e-13	550000	600000
-9.8044623661375971e-14	600000	600000
-8.4279087890859524e-14	650000	600000
-7.1085658518157204e-14	700000	600000
-5.8406235626326380e-14	750000	600000
-4.6170957919120033e-14	800000	600000
-3.4300768098501139e-14	850000	600000
-2.2709786833272675e-14	900000	600000
-1.1307392302233072e-14	950000	600000
0.0000000000000000e+00	1000000	600000
0.0000000000000000e+00	0	650000
-1.1530455975255790e-14	50000	650000
-2.3151815310390686e-14	100000	650000
-3.4953396827414689e-14	150000	650000
-4.7021266791168567e-14	200000	650000
-5.9436422485179280e-14	250000	650000
-7.2272800048456461e-14	300000	650000
-8.5595135196480167e-14	350000	650000
-9.9456775035607193e-14	400000	650000
-1.1389761032340784e-13	450000	650000
-1.2017041977743465e-13	500000	650000
-1.1389761032340789e-13	550000	650000
-9.9456775035607256e-14	600000	650000
-8.5595135196480180e-14	650000	650000
-7.2272800048456474e-14	700000	650000
-5.9436422485179280e-14	750000	650000
-4.7021266791168561e-14	800000	650000
-3.4953396827414689e-14	850000	650000
-2.3151815310390695e-14	900000	650000
-1.1530455975255794e-14	950000	650000
0.0000000000000000e+00	1000000	650000
0.0000000000000000e+00	0	700000
-1.1662616288399411e-14	50000	700000
-2.3413621605619620e-14	100000	700000
-3.5339737109598333e-14	150000	700000
-4.7524289932960240e-14	200000	700000
-6.0045387474765735e-14	250000	700000
-7.2973983994009207e-14	300000	700000
-8.6371877810997527e-14	350000	700000
-1.0028973096116494e-13	400000	700000
-1.1476525289252409e-13	450000	700000
-1.2104979105350415e-13	500000	700000
-1.1476525289252412e-13	550000	700000
-1.0028973096116493e-13	600000	700000
-8.6371877810997527e-14	650000	700000
-7.2973983994009219e-14	700000	700000
-6.0045387474765760e-14	750000	700000
-4.7524289932960271e-14	800000	700000
-3.5339737109598346e-14	850000	700000
-2.3413621605619633e-14	900000	700000
-1.1662616288399415e-14	950000	700000
0.0000000000000000e+00	1000000	700000
0.0000000000000000e+00	0	750000
-1.1706387572722222e-14	50000	750000
-2.3500317714090060e-14	100000	750000
-3.5467640072398784e-14	150000	750000
-4.7690768356308387e-14	200000	750000
-6.0246853486914246e-14	250000	750000
-7.3205870641817116e-14	300000	750000
-8.6628661092335778e-14	350000	750000
-1.0056501810553093e-13	400000	750000
-1.1505194940745804e-13	450000	750000
-1.2134034391469165e-13	500000	750000
-1.1505194940745806e-13	550000	750000
-1.0056501810553094e-13	600000	750000
-8.6628661092335791e-14	650000	750000
-7.3205870641817141e-14	700000	750000
-6.0246853486914272e-14	750000	750000
-4.7690768356308400e-14	800000	750000
-3.5467640072398803e-14	850000	750000
-2.3500317714090075e-14	900000	750000
-1.1706387572722228e-14	950000	750000
0.0000000000000000e+00	1000000	750000
0.0000000000000000e+00	0	800000
-1.1662616288399411e-14	50000	800000
-2.3413621605619627e-14	100000	800000
-3.5339737109598346e-14	150000	800000
-4.7524289932960265e-14	200000	800000
-6.0045387474765760e-14	250000	800000
-7.2973983994009245e-14	300000	800000
-8.6371877810997565e-14	350000	800000
-1.0028973096116497e-13	400000	800000
-1.1476525289252414e-13	450000	800000
-1.2104979105350417e-13	500000	800000
-1.1476525289252414e-13	550000	800000
-1.0028973096116500e-13	600000	800000
-8.6371877810997565e-14	650000	800000
-7.2973983994009257e-14	700000	800000
-6.0045387474765798e-14	750000	800000
-4.7524289932960290e-14	800000	800000
-3.5339737109598365e-14	850000	800000
-2.3413621605619646e-14	900000	800000
-1.1662616288399420e-14	950000	800000
0.0000000000000000e+00	1000000	800000
0.0000000000000000e+00	0	850000
-1.1530455975255796e-14	50000	850000
-2.3151815310390698e-14	100000	850000
-3.4953396827414683e-14	150000	850000
-4.7021266791168573e-14	200000	850000
-5.9436422485179317e-14	250000	850000
-7.2272800048456512e-14	300000	850000
-8.5595135196480230e-14	350000	850000
-9.9456775035607307e-14	400000	850000
-1.1389761032340794e-13	450000	850000
-1.2017041977743470e-13	500000	850000
-1.1389761032340794e-13	550000	850000
-9.9456775035607282e-14	600000	850000
-8.5595135196480205e-14	650000	850000
-7.2272800048456512e-14	700000	850000
-5.9436422485179330e-14	750000	850000
-4.7021266791168598e-14	800000	850000
-3.4953396827414721e-14	850000	850000
-2.3151815310390727e-14	900000	850000
-1.1530455975255809e-14	950000	850000
0.0000000000000000e+00	1000000	850000
0.0000000000000000e+00	0	900000
-1.1307392302233073e-14	50000	900000
-2.2709786833272682e-14	100000	900000
-3.4300768098501158e-14	150000	900000
-4.6170957919120059e-14	200000	900000
-5.8406235626326418e-14	250000	900000
-7.1085658518157255e-14	300000	900000
-8.4279087890859587e-14	350000	900000
-9.8044623661376021e-14	400000	900000
-1.1242606376350423e-13	450000	900000
-1.1867877267257667e-13	500000	900000
-1.1242606376350422e-13	550000	900000
-9.8044623661376034e-14	600000	900000
-8.4279087890859562e-14	650000	900000
-7.1085658518157242e-14	700000	900000
-5.8406235626326418e-14	750000	900000
-4.6170957919120059e-14	800000	900000
-3.4300768098501171e-14	850000	900000
-2.2709786833272697e-14	900000	900000
-1.1307392302233083e-14	950000	900000
0.0000000000000000e+00	1000000	900000
0.0000000000000000e+00	0	950000
-1.0989326400403818e-14	50000	950000
-2.2079171621965803e-14	100000	950000
-3.3368930814197184e-14	150000	950000
-4.4955561160484079e-14	200000	950000
-5.6931903582849055e-14	250000	950000
-6.9384510506986514e-14	300000	950000
-8.2390934187424792e-14	350000	950000
-9.6016567955533037e-14	400000	950000
-1.1031131857209494e-13	450000	950000
-1.1653464864902147e-13	500000	950000
-1.1031131857209494e-13	550000	950000
-9.6016567955533063e-14	600000	950000
-8.2390934187424767e-14	650000	950000
-6.9384510506986476e-14	700000	950000
-5.6931903582849055e-14	750000	950000
-4.4955561160484073e-14	800000	950000
-3.3368930814197197e-14	850000	950000
-2.2079171621965813e-14	900000	950000
-1.0989326400403820e-14	950000	950000
0.0000000000000000e+00	1000000	950000
0.0000000000000000e+00	0	1000000
-1.0570741677416392e-14	50000	1000000
-2.1248642439989542e-14	100000	1000000
-3.2140222375837708e-14	150000	1000000
-4.3350452325770032e-14	200000	1000000
-5.4981307037599245e-14	250000	1000000
-6.7129545739514892e-14	300000	1000000
-7.9883570396320043e-14	350000	1000000
-9.3319395401236469e-14	400000	1000000
-1.0749606409575966e-13	450000	1000000
-1.1367929004247716e-13	500000	1000000
-1.0749606409575965e-13	550000	1000000
-9.3319395401236456e-14	600000	1000000
-7.9883570396320031e-14	650000	1000000
-6.7129545739514892e-14	700000	1000000
-5.4981307037599270e-14	750000	1000000
-4.3350452325770038e-14	800000	1000000
-3.2140222375837708e-14	850000	1000000
-2.1248642439989545e-14	900000	1000000
-1.0570741677416392e-14	950000	1000000
0.0000000000000000e+00	1000000	1000000
0.0000000000000000e+00	0	1050000
-1.0044997869272208e-14	50000	1050000
-2.0204434084738263e-14	100000	1050000
-3.0592863923394053e-14	150000	1050000
-4.1324718729159101e-14	200000	1050000
-5.2513326502263014e-14	250000	1050000
-6.4268795017153770e-14	300000	1050000
-7.6694406257104046e-14	350000	1050000
-8.9881379157333160e-14	400000	1050000
-1.0390232254266872e-13	450000	1050000
-1.1003248859252581e-13	500000	1050000
-1.0390232254266867e-13	550000	1050000
-8.9881379157333097e-14	600000	1050000
-7.6694406257104033e-14	650000	1050000
-6.4268795017153796e-14	700000	1050000
-5.2513326502263045e-14	750000	1050000
-4.1324718729159114e-14	800000	1050000
-3.0592863923394059e-14	850000	1050000
-2.0204434084738273e-14	900000	1050000
-1.0044997869272208e-14	950000	1050000
0.0000000000000000e+00	1000000	1050000
0.0000000000000000e+00	0	1100000
-9.4048157149341739e-15	50000	1100000
-1.8931232106297265e-14	100000	1100000
-2.8702080503841142e-14	150000	1100000
-3.8842232165209294e-14	200000	1100000
-4.9478485225139983e-14	250000	1100000
-6.0737901569733162e-14	300000	1100000
-7.2743880457609158e-14	350000	1100000
-8.5609392428323372e-14	400000	1100000
-9.9427428500494652e-14	450000	1100000
-1.0548812450544668e-13	500000	1100000
-9.9427428500494652e-14	550000	1100000
-8.5609392428323359e-14	600000	1100000
-7.2743880457609196e-14	650000	1100000
-6.0737901569733188e-14	700000	1100000
-4.9478485225140002e-14	750000	1100000
-3.8842232165209313e-14	800000	1100000
-2.8702080503841154e-14	850000	1100000
-1.8931232106297275e-14	900000	1100000
-9.4048157149341787e-15	950000	1100000
0.0000000000000000e+00	1000000	1100000
0.0000000000000000e+00	0	1150000
-8.6430328841672301e-15	50000	1150000
-1.7413598121675478e-14	100000	1150000
-2.6441993820463957e-14	150000	1150000
-3.5863644202696950e-14	200000	1150000
-4.5820480663354469e-14	250000	1150000
-5.6460445579029725e-14	300000	1150000
-6.7933821575276090e-14	350000	1150000
-8.0384881597856519e-14	400000	1150000
-9.3937944700978461e-14	450000	1150000
-9.9907257691429473e-14	500000	1150000
-9.3937944700978487e-14	550000	1150000
-8.0384881597856544e-14	600000	1150000
-6.7933821575276128e-14	650000	1150000
-5.6460445579029744e-14	700000	1150000
-4.5820480663354469e-14	750000	1150000
-3.5863644202696956e-14	800000	1150000
-2.6441993820463970e-14	850000	1150000
-1.7413598121675488e-14	900000	1150000
-8.6430328841672349e-15	950000	1150000
0.0000000000000000e+00	1000000	1150000
0.0000000000000000e+00	0	1200000
-7.7537177000592700e-15	50000	1200000
-1.5638133675773455e-14	100000	1200000
-2.3788652453642278e-14	150000	1200000
-3.2349870161760056e-14	200000	1200000
-4.1479347646551213e-14	250000	1200000
-5.1349578507755178e-14	300000	1200000
-6.2146078666608964e-14	350000	1200000
-7.4058367686848139e-14	400000	1200000
-8.7260281189571851e-14	450000	1200000
-9.3107122121472180e-14	500000	1200000
-8.7260281189571863e-14	550000	1200000
-7.4058367686848151e-14	600000	1200000
-6.2146078666608990e-14	650000	1200000
-5.1349578507755191e-14	700000	1200000
-4.1479347646551219e-14	750000	1200000
-3.2349870161760063e-14	800000	1200000
-2.3788652453642284e-14	850000	1200000
-1.5638133675773462e-14	900000	1200000
-7.7537177000592732e-15	950000	1200000
0.0000000000000000e+00	1000000	1200000
0.0000000000000000e+00	0	1250000
-6.7337042402963906e-15	50000	1250000
-1.3596566427716801e-14	100000	1250000
-2.0724612156571660e-14	150000	1250000
-2.8267836344149788e-14	200000	1250000
-3.6397461253335149e-14	250000	1250000
-4.5312442138830817e-14	300000	1250000
-5.5242546896556470e-14	350000	1250000
-6.6442229293355208e-14	400000	1250000
-7.9165760424427247e-14	450000	1250000
-8.4842773678473422e-14	500000	1250000
-7.9165760424427247e-14	550000	1250000
-6.6442229293355234e-14	600000	1250000
-5.5242546896556495e-14	650000	1250000
-4.5312442138830823e-14	700000	1250000
-3.6397461253335149e-14	750000	1250000
-2.8267836344149784e-14	800000	1250000
-2.0724612156571666e-14	850000	1250000
-1.3596566427716806e-14	900000	1250000
-6.7337042402963945e-15	950000	1250000
0.0000000000000000e+00	1000000	1250000
0.0000000000000000e+00	0	1300000
-5.5845328334094934e-15	50000	1300000
-1.1289815638225700e-14	100000	1300000
-1.7245393400777762e-14	150000	1300000
-2.3599401804932276e-14	200000	1300000
-3.0530218883808774e-14	250000	1300000
-3.8260181897676490e-14	300000	1300000
-4.7069437487430927e-14	350000	1300000
-5.7302242165589016e-14	400000	1300000
-6.9345827711747053e-14	450000	1300000
-7.4774557006724957e-14	500000	1300000
-6.9345827711747041e-14	550000	1300000
-5.7302242165589016e-14	600000	1300000
-4.7069437487430927e-14	650000	1300000
-3.8260181897676503e-14	700000	1300000
-3.0530218883808780e-14	750000	1300000
-2.3599401804932273e-14	800000	1300000
-1.7245393400777759e-14	850000	1300000
-1.1289815638225700e-14	900000	1300000
-5.5845328334094950e-15	950000	1300000
0.0000000000000000e+00	1000000	1300000
0.0000000000000000e+00	0	1350000
-4.3146114551158827e-15	50000	1350000
-8.7327698909987525e-15	100000	1350000
-1.3367744003381408e-14	150000	1350000
-1.8354158590992794e-14	200000	1350000
-2.3863830579291193e-14	250000	1350000
-3.0128629080635444e-14	300000	1350000
-3.7472778989901717e-14	350000	1350000
-4.6351474169822857e-14	400000	1350000
-5.7368821425685617e-14	450000	1350000
-6.2405904188090202e-14	500000	1350000
-5.7368821425685617e-14	550000	1350000
-4.6351474169822857e-14	600000	1350000
-3.7472778989901711e-14	650000	1350000
-3.0128629080635450e-14	700000	1350000
-2.3863830579291193e-14	750000	1350000
-1.8354158590992790e-14	800000	1350000
-1.3367744003381405e-14	850000	1350000
-8.7327698909987509e-15	900000	1350000
-4.3146114551158827e-15	950000	1350000
0.0000000000000000e+00	1000000	1350000
0.0000000000000000e+00	0	1400000
-2.9411430960552874e-15	50000	1400000
-5.9589084672720163e-15	100000	1400000
-9.1386541307563192e-15	150000	1400000
-1.2585657976366283e-14	200000	1400000
-1.6442315761727763e-14	250000	1400000
-2.0917724855672391e-14	300000	1400000
-2.6341575221717626e-14	350000	1400000
-3.3262054098115097e-14	400000	1400000
-4.2600149808520974e-14	450000	1400000
-4.6953522157422509e-14	500000	1400000
-4.2600149808520980e-14	550000	1400000
-3.3262054098115097e-14	600000	1400000
-2.6341575221717629e-14	650000	1400000
-2.0917724855672391e-14	700000	1400000
-1.6442315761727763e-14	750000	1400000
-1.2585657976366285e-14	800000	1400000
-9.1386541307563207e-15	850000	1400000
-5.9589084672720163e-15	900000	1400000
-2.9411430960552874e-15	950000	1400000
0.0000000000000000e+00	1000000	1400000
0.0000000000000000e+00	0	1450000
-1.4910524618332492e-15	50000	1450000
-3.0230667512777092e-15	100000	1450000
-4.6423060760055715e-15	150000	1450000
-6.4075034219882603e-15	200000	1450000
-8.4020496355811872e-15	250000	1450000
-1.0758379358608724e-14	300000	1450000
-1.3713742943181317e-14	350000	1450000
-1.7755017192398921e-14	400000	1450000
-2.4044271728299267e-14	450000	1450000
-2.7049990087715786e-14	500000	1450000
-2.4044271728299270e-14	550000	1450000
-1.7755017192398921e-14	600000	1450000
-1.3713742943181317e-14	650000	1450000
-1.0758379358608724e-14	700000	1450000
-8.4020496355811840e-15	750000	1450000
-6.4075034219882603e-15	800000	1450000
-4.6423060760055722e-15	850000	1450000
-3.0230667512777096e-15	900000	1450000
-1.4910524618332492e-15	950000	1450000
0.0000000000000000e+00	1000000	1450000
0.0000000000000000e+00	0	1500000
0.0000000000000000e+00	50000	1500000
0.0000000000000000e+00	100000	1500000
0.0000000000000000e+00	150000	1500000
0.0000000000000000e+00	200000	1500000
0.0000000000000000e+00	250000	1500000
0.0000000000000000e+00	300000	1500000
0.0000000000000000e+00	350000	1500000
0.0000000000000000e+00	400000	1500000
0.0000000000000000e+00	450000	1500000
0.0000000000000000e+00	500000	1500000
0.0000000000000000e+00	550000	1500000
0.0000000000000000e+00	600000	1500000
0.0000000000000000e+00	650000	1500000
0.0000000000000000e+00	700000	1500000
0.0000000000000000e+00	750000	1500000
0.0000000000000000e+00	800000	1500000
0.0000000000000000e+00	850000	1500000
0.0000000000000000e+00	900000	1500000
0.0000000000000000e+00	950000	1500000
0.0000000000000000e+00	1000000	1500000
