0.0000000000000000e+00	0	0
0.0000000000000000e+00	50000	0
0.0000000000000000e+00	100000	0
0.0000000000000000e+00	150000	0
0.0000000000000000e+00	200000	0
0.0000000000000000e+00	250000	0
0.0000000000000000e+00	300000	0
0.0000000000000000e+00	350000	0
0.0000000000000000e+00	400000	0
0.0000000000000000e+00	450000	0
0.0000000000000000e+00	500000	0
0.0000000000000000e+00	550000	0
0.0000000000000000e+00	600000	0
0.0000000000000000e+00	650000	0
0.0000000000000000e+00	700000	0
0.0000000000000000e+00	750000	0
0.0000000000000000e+00	800000	0
0.0000000000000000e+00	850000	0
0.0000000000000000e+00	900000	0
0.0000000000000000e+00	950000	0
0.0000000000000000e+00	1000000	0
0.0000000000000000e+00	0	50000
-2.1792305211409015e-15	50000	50000
-4.4183283287904968e-15	100000	50000
-6.7849088803158341e-15	150000	50000
-9.3648126936751487e-15	200000	50000
-1.2279918698157118e-14	250000	50000
-1.5723785216428137e-14	300000	50000
-2.0043162763111161e-14	350000	50000
-2.5949640511967658e-14	400000	50000
-3.5141627910591236e-14	450000	50000
-3.9534600897430760e-14	500000	50000
-3.5141627910591230e-14	550000	50000
-2.5949640511967646e-14	600000	50000
-2.0043162763111142e-14	650000	50000
-1.5723785216428128e-14	700000	50000
-1.2279918698157112e-14	750000	50000
-9.3648126936751408e-15	800000	50000
-6.7849088803158294e-15	850000	50000
-4.4183283287904945e-15	900000	50000
-2.1792305211409011e-15	950000	50000
0.0000000000000000e+00	1000000	50000
0.0000000000000000e+00	0	100000
-4.2985937557731093e-15	50000	100000
-8.7091739137052516e-15	100000	100000
-1.3356494498797693e-14	150000	100000
-1.8394423196227642e-14	200000	100000
-2.4031076882525183e-14	250000	100000
-3.0572059404444263e-14	300000	100000
-3.8499225324048851e-14	350000	100000
-4.8613771374168229e-14	400000	100000
-6.2261757412453738e-14	450000	100000
-6.8624378537771360e-14	500000	100000
-6.2261757412453713e-14	550000	100000
-4.8613771374168210e-14	600000	100000
-3.8499225324048832e-14	650000	100000
-3.0572059404444251e-14	700000	100000
-2.4031076882525177e-14	750000	100000
-1.8394423196227629e-14	800000	100000
-1.3356494498797687e-14	850000	100000
-8.7091739137052485e-15	900000	100000
-4.2985937557731086e-15	950000	100000
0.0000000000000000e+00	1000000	100000
0.0000000000000000e+00	0	150000
-6.3059705882462881e-15	50000	150000
-1.2763279071459705e-14	100000	150000
-1.9537472004942045e-14	150000	150000
-2.6825308709912523e-14	200000	150000
-3.4877906231271731e-14	250000	150000
-4.4034150194774870e-14	300000	150000
-5.4767907754471727e-14	350000	150000
-6.7744462248202640e-14	400000	150000
-8.3846739006771296e-14	450000	150000
-9.1208629197977958e-14	500000	150000
-8.3846739006771270e-14	550000	150000
-6.7744462248202628e-14	600000	150000
-5.4767907754471714e-14	650000	150000
-4.4034150194774857e-14	700000	150000
-3.4877906231271725e-14	750000	150000
-2.6825308709912523e-14	800000	150000
-1.9537472004942042e-14	850000	150000
-1.2763279071459704e-14	900000	150000
-6.3059705882462858e-15	950000	150000
0.0000000000000000e+00	1000000	150000
0.0000000000000000e+00	0	200000
-8.1620095257523323e-15	50000	200000
-1.6500499778945246e-14	100000	200000
-2.5204805739598251e-14	150000	200000
-3.4491433407208694e-14	200000	200000
-4.4621089137874341e-14	250000	200000
-5.5918727388911776e-14	300000	200000
-6.8793793250860565e-14	350000	200000
-8.3749430857399310e-14	400000	200000
-1.0135159434793798e-13	450000	200000
-1.0928589100982875e-13	500000	200000
-1.0135159434793797e-13	550000	200000
-8.3749430857399285e-14	600000	200000
-6.8793793250860552e-14	650000	200000
-5.5918727388911763e-14	700000	200000
-4.4621089137874335e-14	750000	200000
-3.4491433407208687e-14	800000	200000
-2.5204805739598248e-14	850000	200000
-1.6500499778945240e-14	900000	200000
-8.1620095257523291e-15	950000	200000
0.0000000000000000e+00	1000000	200000
0.0000000000000000e+00	0	250000
-9.8415677358177978e-15	50000	250000
-1.9871904778970700e-14	100000	250000
-3.0289817767297018e-14	150000	250000
-4.1314530041449662e-14	200000	250000
-5.3196289524105190e-14	250000	250000
-6.6225876972137335e-14	300000	250000
-8.0739107002659441e-14	350000	250000
-9.7107873582596031e-14	400000	250000
-1.1570380369723975e-13	450000	250000
-1.2400097691469185e-13	500000	250000
-1.1570380369723975e-13	550000	250000
-9.7107873582596018e-14	600000	250000
-8.0739107002659403e-14	650000	250000
-6.6225876972137310e-14	700000	250000
-5.3196289524105165e-14	750000	250000
-4.1314530041449650e-14	800000	250000
-3.0289817767297005e-14	850000	250000
-1.9871904778970690e-14	900000	250000
-9.8415677358177899e-15	950000	250000
0.0000000000000000e+00	1000000	250000
0.0000000000000000e+00	0	300000
-1.1332356638548158e-14	50000	300000
-2.2855733833822734e-14	100000	300000
-3.4768030509169471e-14	150000	300000
-4.7280579467187742e-14	200000	300000
-6.0623661944959428e-14	250000	300000
-7.5049383972872919e-14	300000	300000
-9.0828884205043808e-14	350000	300000
-1.0823915277308566e-13	400000	300000
-1.2753425712322032e-13	450000	300000
-1.3607964002369001e-13	500000	300000
-1.2753425712322032e-13	550000	300000
-1.0823915277308565e-13	600000	300000
-9.0828884205043795e-14	650000	300000
-7.5049383972872894e-14	700000	300000
-6.0623661944959403e-14	750000	300000
-4.7280579467187723e-14	800000	300000
-3.4768030509169452e-14	850000	300000
-2.2855733833822722e-14	900000	300000
-1.1332356638548153e-14	950000	300000
0.0000000000000000e+00	1000000	300000
0.0000000000000000e+00	0	350000
-1.2632124984552103e-14	50000	350000
-2.5450643408602609e-14	100000	350000
-3.8645990968370389e-14	150000	350000
-5.2416095373172407e-14	200000	350000
-6.6968394815671867e-14	250000	350000
-8.2519112769351082e-14	300000	350000
-9.9287893071557276e-14	350000	350000
-1.1748559618148254e-13	400000	350000
-1.3729391917835304e-13	450000	350000
-1.4601829970285831e-13	500000	350000
-1.3729391917835302e-13	550000	350000
-1.1748559618148246e-13	600000	350000
-9.9287893071557251e-14	650000	350000
-8.2519112769351044e-14	700000	350000
-6.6968394815671842e-14	750000	350000
-5.2416095373172395e-14	800000	350000
-3.8645990968370364e-14	850000	350000
-2.5450643408602597e-14	900000	350000
-1.2632124984552092e-14	950000	350000
0.0000000000000000e+00	1000000	350000
0.0000000000000000e+00	0	400000
-1.3745499891057641e-14	50000	400000
-2.7668723847665226e-14	100000	400000
-4.1949194582537037e-14	150000	400000
-5.6769416241459694e-14	200000	400000
-7.2314709175204557e-14	250000	400000
-8.8770779217302239e-14	300000	400000
-1.0631797913035175e-13	350000	400000
-1.2512141970293407e-13	400000	400000
-1.4531701088533819e-13	450000	400000
-1.5417495120026804e-13	500000	400000
-1.4531701088533814e-13	550000	400000
-1.2512141970293394e-13	600000	400000
-1.0631797913035170e-13	650000	400000
-8.8770779217302176e-14	700000	400000
-7.2314709175204506e-14	750000	400000
-5.6769416241459675e-14	800000	400000
-4.1949194582537012e-14	850000	400000
-2.7668723847665203e-14	900000	400000
-1.3745499891057626e-14	950000	400000
0.0000000000000000e+00	1000000	400000
0.0000000000000000e+00	0	450000
-1.4681150732013226e-14	50000	450000
-2.9529557508463621e-14	100000	450000
-4.4712647272652830e-14	150000	450000
-6.0397665834924801e-14	200000	450000
-7.6750246426384388e-14	250000	450000
-9.3931315794301603e-14	300000	450000
-1.1209182452961349e-13	350000	450000
-1.3136509261456369e-13	400000	450000
-1.5185724063928481e-13	450000	450000
-1.6081671409676831e-13	500000	450000
-1.5185724063928476e-13	550000	450000
-1.3136509261456362e-13	600000	450000
-1.1209182452961344e-13	650000	450000
-9.3931315794301553e-14	700000	450000
-7.6750246426384337e-14	750000	450000
-6.0397665834924788e-14	800000	450000
-4.4712647272652792e-14	850000	450000
-2.9529557508463584e-14	900000	450000
-1.4681150732013214e-14	950000	450000
0.0000000000000000e+00	1000000	450000
0.0000000000000000e+00	0	500000
-1.5449545528531653e-14	50000	500000
-3.1055708181523191e-14	100000	500000
-4.6974171164685860e-14	150000	500000
-6.3358353399202324e-14	200000	500000
-8.0357294901106566e-14	250000	500000
-9.8112413003906312e-14	300000	500000
-1.1675291057923689e-13	350000	500000
-1.3638988558642241e-13	400000	500000
-1.5710963213995628e-13	450000	500000
-1.6614665467746646e-13	500000	500000
-1.5710963213995623e-13	550000	500000
-1.3638988558642239e-13	600000	500000
-1.1675291057923686e-13	650000	500000
-9.8112413003906274e-14	700000	500000
-8.0357294901106503e-14	750000	500000
-6.3358353399202286e-14	800000	500000
-4.6974171164685822e-14	850000	500000
-3.1055708181523147e-14	900000	500000
-1.5449545528531634e-14	950000	500000
0.0000000000000000e+00	1000000	500000
0.0000000000000000e+00	0	550000
-1.6061323200590199e-14	50000	550000
-3.2269558524411570e-14	100000	550000
-4.8769975805365120e-14	150000	550000
-6.5704281696092093e-14	200000	550000
-8.3208166774933189e-14	250000	550000
-1.0140813074098018e-13	300000	550000
-1.2041751919700536e-13	350000	550000
-1.4033190701193281e-13	400000	550000
-1.6122423483613867e-13	450000	550000
-1.7031987110241586e-13	500000	550000
-1.6122423483613864e-13	550000	550000
-1.4033190701193281e-13	600000	550000
-1.2041751919700536e-13	650000	550000
-1.0140813074098017e-13	700000	550000
-8.3208166774933176e-14	750000	550000
-6.5704281696092055e-14	800000	550000
-4.8769975805365070e-14	850000	550000
-3.2269558524411539e-14	900000	550000
-1.6061323200590180e-14	950000	550000
0.0000000000000000e+00	1000000	550000
0.0000000000000000e+00	0	600000
-1.6526188749417571e-14	50000	600000
-3.3191226910167772e-14	100000	600000
-5.0131891836270913e-14	150000	600000
-6.7480630804867758e-14	200000	600000
-8.5362959761553954e-14	250000	600000
-1.0389442398807592e-13	300000	600000
-1.2317712845587158e-13	350000	600000
-1.4329598842816489e-13	400000	600000
-1.6431501626973690e-13	450000	600000
-1.7345359082915040e-13	500000	600000
-1.6431501626973688e-13	550000	600000
-1.4329598842816489e-13	600000	600000
-1.2317712845587161e-13	650000	600000
-1.0389442398807590e-13	700000	600000
-8.5362959761553929e-14	750000	600000
-6.7480630804867732e-14	800000	600000
-5.0131891836270881e-14	850000	600000
-3.3191226910167747e-14	900000	600000
-1.6526188749417555e-14	950000	600000
0.0000000000000000e+00	1000000	600000
0.0000000000000000e+00	0	650000
-1.6852204886912317e-14	50000	650000
-3.3837268530571024e-14	100000	650000
-5.1085733824683020e-14	150000	650000
-6.8723389925554103e-14	200000	650000
-8.6868617478338977e-14	250000	650000
-1.0562947699389794e-13	300000	650000
-1.2510058221024029e-13	350000	650000
-1.4535990197511830e-13	400000	650000
-1.6646573816498075e-13	450000	650000
-1.7563369044394298e-13	500000	650000
-1.6646573816498080e-13	550000	650000
-1.4535990197511832e-13	600000	650000
-1.2510058221024029e-13	650000	650000
-1.0562947699389790e-13	700000	650000
-8.6868617478338939e-14	750000	650000
-6.8723389925554052e-14	800000	650000
-5.1085733824682995e-14	850000	650000
-3.3837268530571011e-14	900000	650000
-1.6852204886912314e-14	950000	650000
0.0000000000000000e+00	1000000	650000
0.0000000000000000e+00	0	700000
-1.7045362267660684e-14	50000	700000
-3.4219908500521007e-14	100000	700000
-5.1650385006336055e-14	150000	700000
-6.9458577594326581e-14	200000	700000
-8.7758643232349963e-14	250000	700000
-1.0665428429893657e-13	300000	700000
-1.2623582141607335e-13	350000	700000
-1.4657729909708728e-13	400000	700000
-1.6773383115061221e-13	450000	700000
-1.7691892538589071e-13	500000	700000
-1.6773383115061221e-13	550000	700000
-1.4657729909708728e-13	600000	700000
-1.2623582141607335e-13	650000	700000
-1.0665428429893655e-13	700000	700000
-8.7758643232349937e-14	750000	700000
-6.9458577594326543e-14	800000	700000
-5.1650385006336023e-14	850000	700000
-3.4219908500520994e-14	900000	700000
-1.7045362267660675e-14	950000	700000
0.0000000000000000e+00	1000000	700000
0.0000000000000000e+00	0	750000
-1.7109335683209404e-14	50000	750000
-3.4346618197516252e-14	100000	750000
-5.1837320105813617e-14	150000	750000
-6.9701892213066126e-14	200000	750000
-8.8053093557797771e-14	250000	750000
-1.0699319555342505e-13	300000	750000
-1.2661112005802927e-13	350000	750000
-1.4697964184654527e-13	400000	750000
-1.6815284913397721e-13	450000	750000
-1.7734357956762629e-13	500000	750000
-1.6815284913397724e-13	550000	750000
-1.4697964184654530e-13	600000	750000
-1.2661112005802924e-13	650000	750000
-1.0699319555342502e-13	700000	750000
-8.8053093557797746e-14	750000	750000
-6.9701892213066114e-14	800000	750000
-5.1837320105813617e-14	850000	750000
-3.4346618197516252e-14	900000	750000
-1.7109335683209404e-14	950000	750000
0.0000000000000000e+00	1000000	750000
0.0000000000000000e+00	0	800000
-1.7045362267660681e-14	50000	800000
-3.4219908500521007e-14	100000	800000
-5.1650385006336055e-14	150000	800000
-6.9458577594326555e-14	200000	800000
-8.7758643232349963e-14	250000	800000
-1.0665428429893660e-13	300000	800000
-1.2623582141607340e-13	350000	800000
-1.4657729909708733e-13	400000	800000
-1.6773383115061226e-13	450000	800000
-1.7691892538589076e-13	500000	800000
-1.6773383115061228e-13	550000	800000
-1.4657729909708733e-13	600000	800000
-1.2623582141607335e-13	650000	800000
-1.0665428429893657e-13	700000	800000
-8.7758643232349975e-14	750000	800000
-6.9458577594326568e-14	800000	800000
-5.1650385006336061e-14	850000	800000
-3.4219908500521013e-14	900000	800000
-1.7045362267660688e-14	950000	800000
0.0000000000000000e+00	1000000	800000
0.0000000000000000e+00	0	850000
-1.6852204886912321e-14	50000	850000
-3.3837268530571030e-14	100000	850000
-5.1085733824683020e-14	150000	850000
-6.8723389925554090e-14	200000	850000
-8.6868617478339002e-14	250000	850000
-1.0562947699389799e-13	300000	850000
-1.2510058221024039e-13	350000	850000
-1.4535990197511847e-13	400000	850000
-1.6646573816498095e-13	450000	850000
-1.7563369044394308e-13	500000	850000
-1.6646573816498092e-13	550000	850000
-1.4535990197511840e-13	600000	850000
-1.2510058221024037e-13	650000	850000
-1.0562947699389799e-13	700000	850000
-8.6868617478339002e-14	750000	850000
-6.8723389925554090e-14	800000	850000
-5.1085733824683033e-14	850000	850000
-3.3837268530571055e-14	900000	850000
-1.6852204886912336e-14	950000	850000
0.0000000000000000e+00	1000000	850000
0.0000000000000000e+00	0	900000
-1.6526188749417568e-14	50000	900000
-3.3191226910167766e-14	100000	900000
-5.0131891836270906e-14	150000	900000
-6.7480630804867783e-14	200000	900000
-8.5362959761553992e-14	250000	900000
-1.0389442398807599e-13	300000	900000
-1.2317712845587173e-13	350000	900000
-1.4329598842816504e-13	400000	900000
-1.6431501626973703e-13	450000	900000
-1.7345359082915057e-13	500000	900000
-1.6431501626973708e-13	550000	900000
-1.4329598842816504e-13	600000	900000
-1.2317712845587171e-13	650000	900000
-1.0389442398807601e-13	700000	900000
-8.5362959761554005e-14	750000	900000
-6.7480630804867821e-14	800000	900000
-5.0131891836270951e-14	850000	900000
-3.3191226910167797e-14	900000	900000
-1.6526188749417581e-14	950000	900000
0.0000000000000000e+00	1000000	900000
0.0000000000000000e+00	0	950000
-1.6061323200590192e-14	50000	950000
-3.2269558524411558e-14	100000	950000
-4.8769975805365107e-14	150000	950000
-6.5704281696092105e-14	200000	950000
-8.3208166774933227e-14	250000	950000
-1.0140813074098027e-13	300000	950000
-1.2041751919700546e-13	350000	950000
-1.4033190701193296e-13	400000	950000
-1.6122423483613882e-13	450000	950000
-1.7031987110241601e-13	500000	950000
-1.6122423483613884e-13	550000	950000
-1.4033190701193296e-13	600000	950000
-1.2041751919700548e-13	650000	950000
-1.0140813074098029e-13	700000	950000
-8.3208166774933277e-14	750000	950000
-6.5704281696092181e-14	800000	950000
-4.8769975805365158e-14	850000	950000
-3.2269558524411589e-14	900000	950000
-1.6061323200590205e-14	950000	950000
0.0000000000000000e+00	1000000	950000
0.0000000000000000e+00	0	1000000
-1.5449545528531644e-14	50000	1000000
-3.1055708181523172e-14	100000	1000000
-4.6974171164685860e-14	150000	1000000
-6.3358353399202336e-14	200000	1000000
-8.0357294901106578e-14	250000	1000000
-9.8112413003906350e-14	300000	1000000
-1.1675291057923696e-13	350000	1000000
-1.3638988558642256e-13	400000	1000000
-1.5710963213995646e-13	450000	1000000
-1.6614665467746667e-13	500000	1000000
-1.5710963213995646e-13	550000	1000000
-1.3638988558642256e-13	600000	1000000
-1.1675291057923701e-13	650000	1000000
-9.8112413003906400e-14	700000	1000000
-8.0357294901106641e-14	750000	1000000
-6.3358353399202399e-14	800000	1000000
-4.6974171164685904e-14	850000	1000000
-3.1055708181523198e-14	900000	1000000
-1.5449545528531656e-14	950000	1000000
0.0000000000000000e+00	1000000	1000000
0.0000000000000000e+00	0	1050000
-1.4681150732013223e-14	50000	1050000
-2.9529557508463609e-14	100000	1050000
-4.4712647272652830e-14	150000	1050000
-6.0397665834924826e-14	200000	1050000
-7.6750246426384401e-14	250000	1050000
-9.3931315794301654e-14	300000	1050000
-1.1209182452961357e-13	350000	1050000
-1.3136509261456387e-13	400000	1050000
-1.5185724063928504e-13	450000	1050000
-1.6081671409676853e-13	500000	1050000
-1.5185724063928499e-13	550000	1050000
-1.3136509261456382e-13	600000	1050000
-1.1209182452961360e-13	650000	1050000
-9.3931315794301679e-14	700000	1050000
-7.6750246426384451e-14	750000	1050000
-6.0397665834924877e-14	800000	1050000
-4.4712647272652868e-14	850000	1050000
-2.9529557508463634e-14	900000	1050000
-1.4681150732013233e-14	950000	1050000
0.0000000000000000e+00	1000000	1050000
0.0000000000000000e+00	0	1100000
-1.3745499891057637e-14	50000	1100000
-2.7668723847665222e-14	100000	1100000
-4.1949194582537043e-14	150000	1100000
-5.6769416241459719e-14	200000	1100000
-7.2314709175204569e-14	250000	1100000
-8.8770779217302303e-14	300000	1100000
-1.0631797913035183e-13	350000	1100000
-1.2512141970293417e-13	400000	1100000
-1.4531701088533837e-13	450000	1100000
-1.5417495120026827e-13	500000	1100000
-1.4531701088533839e-13	550000	1100000
-1.2512141970293419e-13	600000	1100000
-1.0631797913035188e-13	650000	1100000
-8.8770779217302340e-14	700000	1100000
-7.2314709175204620e-14	750000	1100000
-5.6769416241459757e-14	800000	1100000
-4.1949194582537075e-14	850000	1100000
-2.7668723847665248e-14	900000	1100000
-1.3745499891057647e-14	950000	1100000
0.0000000000000000e+00	1000000	1100000
0.0000000000000000e+00	0	1150000
-1.2632124984552103e-14	50000	1150000
-2.5450643408602612e-14	100000	1150000
-3.8645990968370395e-14	150000	1150000
-5.2416095373172445e-14	200000	1150000
-6.6968394815671905e-14	250000	1150000
-8.2519112769351145e-14	300000	1150000
-9.9287893071557352e-14	350000	1150000
-1.1748559618148261e-13	400000	1150000
-1.3729391917835317e-13	450000	1150000
-1.4601829970285848e-13	500000	1150000
-1.3729391917835319e-13	550000	1150000
-1.1748559618148264e-13	600000	1150000
-9.9287893071557415e-14	650000	1150000
-8.2519112769351170e-14	700000	1150000
-6.6968394815671930e-14	750000	1150000
-5.2416095373172470e-14	800000	1150000
-3.8645990968370421e-14	850000	1150000
-2.5450643408602631e-14	900000	1150000
-1.2632124984552111e-14	950000	1150000
0.0000000000000000e+00	1000000	1150000
0.0000000000000000e+00	0	1200000
-1.1332356638548158e-14	50000	1200000
-2.2855733833822738e-14	100000	1200000
-3.4768030509169483e-14	150000	1200000
-4.7280579467187767e-14	200000	1200000
-6.0623661944959453e-14	250000	1200000
-7.5049383972872957e-14	300000	1200000
-9.0828884205043871e-14	350000	1200000
-1.0823915277308573e-13	400000	1200000
-1.2753425712322042e-13	450000	1200000
-1.3607964002369014e-13	500000	1200000
-1.2753425712322042e-13	550000	1200000
-1.0823915277308576e-13	600000	1200000
-9.0828884205043909e-14	650000	1200000
-7.5049383972872983e-14	700000	1200000
-6.0623661944959479e-14	750000	1200000
-4.7280579467187780e-14	800000	1200000
-3.4768030509169502e-14	850000	1200000
-2.2855733833822753e-14	900000	1200000
-1.1332356638548169e-14	950000	1200000
0.0000000000000000e+00	1000000	1200000
0.0000000000000000e+00	0	1250000
-9.8415677358177978e-15	50000	1250000
-1.9871904778970703e-14	100000	1250000
-3.0289817767297030e-14	150000	1250000
-4.1314530041449681e-14	200000	1250000
-5.3196289524105215e-14	250000	1250000
-6.6225876972137347e-14	300000	1250000
-8.0739107002659479e-14	350000	1250000
-9.7107873582596094e-14	400000	1250000
-1.1570380369723983e-13	450000	1250000
-1.2400097691469195e-13	500000	1250000
-1.1570380369723983e-13	550000	1250000
-9.7107873582596132e-14	600000	1250000
-8.0739107002659504e-14	650000	1250000
-6.6225876972137373e-14	700000	1250000
-5.3196289524105222e-14	750000	1250000
-4.1314530041449694e-14	800000	1250000
-3.0289817767297049e-14	850000	1250000
-1.9871904778970719e-14	900000	1250000
-9.8415677358178057e-15	950000	1250000
0.0000000000000000e+00	1000000	1250000
0.0000000000000000e+00	0	1300000
-8.1620095257523338e-15	50000	1300000
-1.6500499778945253e-14	100000	1300000
-2.5204805739598257e-14	150000	1300000
-3.4491433407208713e-14	200000	1300000
-4.4621089137874367e-14	250000	1300000
-5.5918727388911795e-14	300000	1300000
-6.8793793250860590e-14	350000	1300000
-8.3749430857399348e-14	400000	1300000
-1.0135159434793800e-13	450000	1300000
-1.0928589100982877e-13	500000	1300000
-1.0135159434793799e-13	550000	1300000
-8.3749430857399348e-14	600000	1300000
-6.8793793250860590e-14	650000	1300000
-5.5918727388911808e-14	700000	1300000
-4.4621089137874373e-14	750000	1300000
-3.4491433407208719e-14	800000	1300000
-2.5204805739598273e-14	850000	1300000
-1.6500499778945262e-14	900000	1300000
-8.1620095257523402e-15	950000	1300000
0.0000000000000000e+00	1000000	1300000
0.0000000000000000e+00	0	1350000
-6.3059705882462881e-15	50000	1350000
-1.2763279071459710e-14	100000	1350000
-1.9537472004942048e-14	150000	1350000
-2.6825308709912536e-14	200000	1350000
-3.4877906231271750e-14	250000	1350000
-4.4034150194774882e-14	300000	1350000
-5.4767907754471739e-14	350000	1350000
-6.7744462248202653e-14	400000	1350000
-8.3846739006771296e-14	450000	1350000
-9.1208629197977983e-14	500000	1350000
-8.3846739006771296e-14	550000	1350000
-6.7744462248202640e-14	600000	1350000
-5.4767907754471739e-14	650000	1350000
-4.4034150194774888e-14	700000	1350000
-3.4877906231271750e-14	750000	1350000
-2.6825308709912545e-14	800000	1350000
-1.9537472004942061e-14	850000	1350000
-1.2763279071459718e-14	900000	1350000
-6.3059705882462929e-15	950000	1350000
0.0000000000000000e+00	1000000	1350000
0.0000000000000000e+00	0	1400000
-4.2985937557731109e-15	50000	1400000
-8.7091739137052532e-15	100000	1400000
-1.3356494498797693e-14	150000	1400000
-1.8394423196227642e-14	200000	1400000
-2.4031076882525196e-14	250000	1400000
-3.0572059404444270e-14	300000	1400000
-3.8499225324048851e-14	350000	1400000
-4.8613771374168223e-14	400000	1400000
-6.2261757412453738e-14	450000	1400000
-6.8624378537771360e-14	500000	1400000
-6.2261757412453738e-14	550000	1400000
-4.8613771374168223e-14	600000	1400000
-3.8499225324048858e-14	650000	1400000
-3.0572059404444270e-14	700000	1400000
-2.4031076882525196e-14	750000	1400000
-1.8394423196227651e-14	800000	1400000
-1.3356494498797701e-14	850000	1400000
-8.7091739137052595e-15	900000	1400000
-4.2985937557731141e-15	950000	1400000
0.0000000000000000e+00	1000000	1400000
0.0000000000000000e+00	0	1450000
-2.1792305211409019e-15	50000	1450000
-4.4183283287904976e-15	100000	1450000
-6.7849088803158349e-15	150000	1450000
-9.3648126936751502e-15	200000	1450000
-1.2279918698157121e-14	250000	1450000
-1.5723785216428137e-14	300000	1450000
-2.0043162763111161e-14	350000	1450000
-2.5949640511967655e-14	400000	1450000
-3.5141627910591243e-14	450000	1450000
-3.9534600897430767e-14	500000	1450000
-3.5141627910591243e-14	550000	1450000
-2.5949640511967658e-14	600000	1450000
-2.0043162763111161e-14	650000	1450000
-1.5723785216428137e-14	700000	1450000
-1.2279918698157121e-14	750000	1450000
-9.3648126936751518e-15	800000	1450000
-6.7849088803158373e-15	850000	1450000
-4.4183283287905000e-15	900000	1450000
-2.1792305211409035e-15	950000	1450000
0.0000000000000000e+00	1000000	1450000
0.0000000000000000e+00	0	1500000
0.0000000000000000e+00	50000	1500000
0.0000000000000000e+00	100000	1500000
0.0000000000000000e+00	150000	1500000
0.0000000000000000e+00	200000	1500000
0.0000000000000000e+00	250000	1500000
0.0000000000000000e+00	300000	1500000
0.0000000000000000e+00	350000	1500000
0.0000000000000000e+00	400000	1500000
0.0000000000000000e+00	450000	1500000
0.0000000000000000e+00	500000	1500000
0.0000000000000000e+00	550000	1500000
0.0000000000000000e+00	600000	1500000
0.0000000000000000e+00	650000	1500000
0.0000000000000000e+00	700000	1500000
0.0000000000000000e+00	750000	1500000
0.0000000000000000e+00	800000	1500000
0.0000000000000000e+00	850000	1500000
0.0000000000000000e+00	900000	1500000
0.0000000000000000e+00	950000	1500000
0.0000000000000000e+00	1000000	1500000
