0.0000000000000000e+00	0	0
0.0000000000000000e+00	50000	0
0.0000000000000000e+00	100000	0
0.0000000000000000e+00	150000	0
0.0000000000000000e+00	200000	0
0.0000000000000000e+00	250000	0
0.0000000000000000e+00	300000	0
0.0000000000000000e+00	350000	0
0.0000000000000000e+00	400000	0
0.0000000000000000e+00	450000	0
0.0000000000000000e+00	500000	0
0.0000000000000000e+00	550000	0
0.0000000000000000e+00	600000	0
0.0000000000000000e+00	650000	0
0.0000000000000000e+00	700000	0
0.0000000000000000e+00	750000	0
0.0000000000000000e+00	800000	0
0.0000000000000000e+00	850000	0
0.0000000000000000e+00	900000	0
0.0000000000000000e+00	950000	0
0.0000000000000000e+00	1000000	0
0.0000000000000000e+00	0	50000
-1.6664703985195130e-15	50000	50000
-3.3787216631927322e-15	100000	50000
-5.1884597320062255e-15	150000	50000
-7.1613273539868766e-15	200000	50000
-9.3905260632966165e-15	250000	50000
-1.2024071047856805e-14	300000	50000
-1.5327124465908530e-14	350000	50000
-1.9843842744445849e-14	400000	50000
-2.6873009578687418e-14	450000	50000
-3.0232341862741171e-14	500000	50000
-2.6873009578687412e-14	550000	50000
-1.9843842744445849e-14	600000	50000
-1.5327124465908524e-14	650000	50000
-1.2024071047856802e-14	700000	50000
-9.3905260632966149e-15	750000	50000
-7.1613273539868750e-15	800000	50000
-5.1884597320062247e-15	850000	50000
-3.3787216631927322e-15	900000	50000
-1.6664703985195126e-15	950000	50000
0.0000000000000000e+00	1000000	50000
0.0000000000000000e+00	0	100000
-3.2871599308853196e-15	50000	100000
-6.6599565222451913e-15	100000	100000
-1.0213789910845294e-14	150000	100000
-1.4066323620644661e-14	200000	100000
-1.8376705851342784e-14	250000	100000
-2.3378633662222070e-14	300000	100000
-2.9440584071331461e-14	350000	100000
-3.7175236933187456e-14	400000	100000
-4.7611932138935209e-14	450000	100000
-5.2477465940648689e-14	500000	100000
-4.7611932138935190e-14	550000	100000
-3.7175236933187462e-14	600000	100000
-2.9440584071331455e-14	650000	100000
-2.3378633662222070e-14	700000	100000
-1.8376705851342784e-14	750000	100000
-1.4066323620644660e-14	800000	100000
-1.0213789910845294e-14	850000	100000
-6.6599565222451913e-15	900000	100000
-3.2871599308853192e-15	950000	100000
0.0000000000000000e+00	1000000	100000
0.0000000000000000e+00	0	150000
-4.8222128027765752e-15	50000	150000
-9.7601545840574254e-15	100000	150000
-1.4940419768485093e-14	150000	150000
-2.0513471366403697e-14	200000	150000
-2.6671340059207791e-14	250000	150000
-3.3673173678357251e-14	300000	150000
-4.1881341224007794e-14	350000	150000
-5.1804588778037309e-14	400000	150000
-6.4118094534589817e-14	450000	150000
-6.9747775269041992e-14	500000	150000
-6.4118094534589804e-14	550000	150000
-5.1804588778037309e-14	600000	150000
-4.1881341224007788e-14	650000	150000
-3.3673173678357251e-14	700000	150000
-2.6671340059207794e-14	750000	150000
-2.0513471366403700e-14	800000	150000
-1.4940419768485093e-14	850000	150000
-9.7601545840574238e-15	900000	150000
-4.8222128027765729e-15	950000	150000
0.0000000000000000e+00	1000000	150000
0.0000000000000000e+00	0	200000
-6.2415366961635508e-15	50000	200000
-1.2618029242722839e-14	100000	200000
-1.9274263212633956e-14	150000	200000
-2.6375802017277233e-14	200000	200000
-3.4122009340727436e-14	250000	200000
-4.2761379767991353e-14	300000	200000
-5.2607018368305143e-14	350000	200000
-6.4043682420364177e-14	400000	200000
-7.7504160383717299e-14	450000	200000
-8.3571563713398477e-14	500000	200000
-7.7504160383717273e-14	550000	200000
-6.4043682420364164e-14	600000	200000
-5.2607018368305131e-14	650000	200000
-4.2761379767991353e-14	700000	200000
-3.4122009340727442e-14	750000	200000
-2.6375802017277236e-14	800000	200000
-1.9274263212633960e-14	850000	200000
-1.2618029242722833e-14	900000	200000
-6.2415366961635476e-15	950000	200000
0.0000000000000000e+00	1000000	200000
0.0000000000000000e+00	0	250000
-7.5259047391547870e-15	50000	250000
-1.5196162478036419e-14	100000	250000
-2.3162801822050656e-14	150000	250000
-3.1593464149343848e-14	200000	250000
-4.0679515518433375e-14	250000	250000
-5.0643317684575597e-14	300000	250000
-6.1741670060857223e-14	350000	250000
-7.4258962151396987e-14	400000	250000
-8.8479379297889236e-14	450000	250000
-9.4824276464176138e-14	500000	250000
-8.8479379297889210e-14	550000	250000
-7.4258962151396949e-14	600000	250000
-6.1741670060857198e-14	650000	250000
-5.0643317684575590e-14	700000	250000
-4.0679515518433375e-14	750000	250000
-3.1593464149343854e-14	800000	250000
-2.3162801822050656e-14	850000	250000
-1.5196162478036412e-14	900000	250000
-7.5259047391547839e-15	950000	250000
0.0000000000000000e+00	1000000	250000
0.0000000000000000e+00	0	300000
-8.6659197824191811e-15	50000	300000
-1.7477914108217386e-14	100000	300000
-2.6587317448188421e-14	150000	300000
-3.6155737239614157e-14	200000	300000
-4.6359270899086612e-14	250000	300000
-5.7390705391020454e-14	300000	300000
-6.9457382039151185e-14	350000	300000
-8.2771116826477313e-14	400000	300000
-9.7526196623639093e-14	450000	300000
-1.0406090119458650e-13	500000	300000
-9.7526196623639068e-14	550000	300000
-8.2771116826477288e-14	600000	300000
-6.9457382039151160e-14	650000	300000
-5.7390705391020467e-14	700000	300000
-4.6359270899086618e-14	750000	300000
-3.6155737239614157e-14	800000	300000
-2.6587317448188414e-14	850000	300000
-1.7477914108217383e-14	900000	300000
-8.6659197824191779e-15	950000	300000
0.0000000000000000e+00	1000000	300000
0.0000000000000000e+00	0	350000
-9.6598602823045513e-15	50000	350000
-1.9462256724225531e-14	100000	350000
-2.9552816622871478e-14	150000	350000
-4.0082896461837740e-14	200000	350000
-5.1211125447278488e-14	250000	350000
-6.3102850941268474e-14	300000	350000
-7.5926035878249712e-14	350000	350000
-8.9841926491721961e-14	400000	350000
-1.0498946760697589e-13	450000	350000
-1.1166105271395052e-13	500000	350000
-1.0498946760697585e-13	550000	350000
-8.9841926491721898e-14	600000	350000
-7.5926035878249687e-14	650000	350000
-6.3102850941268474e-14	700000	350000
-5.1211125447278488e-14	750000	350000
-4.0082896461837734e-14	800000	350000
-2.9552816622871465e-14	850000	350000
-1.9462256724225525e-14	900000	350000
-9.6598602823045466e-15	950000	350000
0.0000000000000000e+00	1000000	350000
0.0000000000000000e+00	0	400000
-1.0511264622573490e-14	50000	400000
-2.1158435883508714e-14	100000	400000
-3.2078795857234209e-14	150000	400000
-4.3411906537586839e-14	200000	400000
-5.5299483486921137e-14	250000	400000
-6.7883537048525255e-14	300000	400000
-8.1301984040857240e-14	350000	400000
-9.5681085655184893e-14	400000	400000
-1.1112477302996454e-13	450000	400000
-1.1789849209432267e-13	500000	400000
-1.1112477302996451e-13	550000	400000
-9.5681085655184830e-14	600000	400000
-8.1301984040857227e-14	650000	400000
-6.7883537048525243e-14	700000	400000
-5.5299483486921125e-14	750000	400000
-4.3411906537586813e-14	800000	400000
-3.2078795857234190e-14	850000	400000
-2.1158435883508698e-14	900000	400000
-1.0511264622573485e-14	950000	400000
0.0000000000000000e+00	1000000	400000
0.0000000000000000e+00	0	450000
-1.1226762324480702e-14	50000	450000
-2.2581426330001591e-14	100000	450000
-3.4192024384969820e-14	150000	450000
-4.6186450344354274e-14	200000	450000
-5.8691364914293949e-14	250000	450000
-7.1829829725054195e-14	300000	450000
-8.5717277581469150e-14	350000	450000
-1.0045565905819580e-13	400000	450000
-1.1612612519474728e-13	450000	450000
-1.2297748725046998e-13	500000	450000
-1.1612612519474726e-13	550000	450000
-1.0045565905819576e-13	600000	450000
-8.5717277581469112e-14	650000	450000
-7.1829829725054169e-14	700000	450000
-5.8691364914293936e-14	750000	450000
-4.6186450344354249e-14	800000	450000
-3.4192024384969788e-14	850000	450000
-2.2581426330001581e-14	900000	450000
-1.1226762324480701e-14	950000	450000
0.0000000000000000e+00	1000000	450000
0.0000000000000000e+00	0	500000
-1.1814358345347729e-14	50000	500000
-2.3748482727047136e-14	100000	500000
-3.5921425008289188e-14	150000	500000
-4.8450505540566489e-14	200000	500000
-6.1449696100846183e-14	250000	500000
-7.5027139355928349e-14	300000	500000
-8.9281637501769381e-14	350000	500000
-1.0429814780138186e-13	400000	500000
-1.2014265987173132e-13	450000	500000
-1.2705332416512149e-13	500000	500000
-1.2014265987173130e-13	550000	500000
-1.0429814780138184e-13	600000	500000
-8.9281637501769369e-14	650000	500000
-7.5027139355928349e-14	700000	500000
-6.1449696100846183e-14	750000	500000
-4.8450505540566470e-14	800000	500000
-3.5921425008289163e-14	850000	500000
-2.3748482727047117e-14	900000	500000
-1.1814358345347724e-14	950000	500000
0.0000000000000000e+00	1000000	500000
0.0000000000000000e+00	0	550000
-1.2282188329863088e-14	50000	550000
-2.4676721224550013e-14	100000	550000
-3.7294687380573316e-14	150000	550000
-5.0244450708776298e-14	200000	550000
-6.3629774592595965e-14	250000	550000
-7.7547394096043649e-14	300000	550000
-9.2083985268298213e-14	350000	550000
-1.0731263477383098e-13	400000	550000
-1.2328912075704725e-13	450000	550000
-1.3024460731361216e-13	500000	550000
-1.2328912075704722e-13	550000	550000
-1.0731263477383099e-13	600000	550000
-9.2083985268298213e-14	650000	550000
-7.7547394096043661e-14	700000	550000
-6.3629774592595952e-14	750000	550000
-5.0244450708776291e-14	800000	550000
-3.7294687380573303e-14	850000	550000
-2.4676721224550007e-14	900000	550000
-1.2282188329863085e-14	950000	550000
0.0000000000000000e+00	1000000	550000
0.0000000000000000e+00	0	600000
-1.2637673749554609e-14	50000	600000
-2.5381526460716520e-14	100000	600000
-3.8336152580677744e-14	150000	600000
-5.1602835321369440e-14	200000	600000
-6.5277557464717724e-14	250000	600000
-7.9448677167352180e-14	300000	600000
-9.4194274701548872e-14	350000	600000
-1.0957928526859668e-13	400000	600000
-1.2565265950038705e-13	450000	600000
-1.3264098122229151e-13	500000	600000
-1.2565265950038700e-13	550000	600000
-1.0957928526859668e-13	600000	600000
-9.4194274701548872e-14	650000	600000
-7.9448677167352168e-14	700000	600000
-6.5277557464717724e-14	750000	600000
-5.1602835321369447e-14	800000	600000
-3.8336152580677744e-14	850000	600000
-2.5381526460716517e-14	900000	600000
-1.2637673749554610e-14	950000	600000
0.0000000000000000e+00	1000000	600000
0.0000000000000000e+00	0	650000
-1.2886980207638826e-14	50000	650000
-2.5875558288083714e-14	100000	650000
-3.9065561160051707e-14	150000	650000
-5.2553180531306045e-14	200000	650000
-6.6428942777553324e-14	250000	650000
-8.0775482407098413e-14	300000	650000
-9.5665151101948439e-14	350000	650000
-1.1115757209861983e-13	400000	650000
-1.2729732918498527e-13	450000	650000
-1.3430811622183874e-13	500000	650000
-1.2729732918498527e-13	550000	650000
-1.1115757209861984e-13	600000	650000
-9.5665151101948426e-14	650000	650000
-8.0775482407098413e-14	700000	650000
-6.6428942777553324e-14	750000	650000
-5.2553180531306039e-14	800000	650000
-3.9065561160051707e-14	850000	650000
-2.5875558288083720e-14	900000	650000
-1.2886980207638834e-14	950000	650000
0.0000000000000000e+00	1000000	650000
0.0000000000000000e+00	0	700000
-1.3034688792916994e-14	50000	700000
-2.6168165323927820e-14	100000	700000
-3.9497353240139324e-14	150000	700000
-5.3115382866249709e-14	200000	700000
-6.7109550707091114e-14	250000	700000
-8.1559158581539722e-14	300000	700000
-9.6533275200526653e-14	350000	700000
-1.1208852283894907e-13	400000	700000
-1.2826704735046813e-13	450000	700000
-1.3529094294215172e-13	500000	700000
-1.2826704735046813e-13	550000	700000
-1.1208852283894905e-13	600000	700000
-9.6533275200526641e-14	650000	700000
-8.1559158581539710e-14	700000	700000
-6.7109550707091140e-14	750000	700000
-5.3115382866249703e-14	800000	700000
-3.9497353240139331e-14	850000	700000
-2.6168165323927826e-14	900000	700000
-1.3034688792916994e-14	950000	700000
0.0000000000000000e+00	1000000	700000
0.0000000000000000e+00	0	750000
-1.3083609640101308e-14	50000	750000
-2.6265060974571252e-14	100000	750000
-3.9640303610328061e-14	150000	750000
-5.3301446986462329e-14	200000	750000
-6.7334718603021821e-14	250000	750000
-8.1818326011442683e-14	300000	750000
-9.6820268279669442e-14	350000	750000
-1.1239619670618165e-13	400000	750000
-1.2858747286715901e-13	450000	750000
-1.3561567849289068e-13	500000	750000
-1.2858747286715901e-13	550000	750000
-1.1239619670618164e-13	600000	750000
-9.6820268279669404e-14	650000	750000
-8.1818326011442671e-14	700000	750000
-6.7334718603021834e-14	750000	750000
-5.3301446986462329e-14	800000	750000
-3.9640303610328068e-14	850000	750000
-2.6265060974571256e-14	900000	750000
-1.3083609640101312e-14	950000	750000
0.0000000000000000e+00	1000000	750000
0.0000000000000000e+00	0	800000
-1.3034688792916992e-14	50000	800000
-2.6168165323927829e-14	100000	800000
-3.9497353240139337e-14	150000	800000
-5.3115382866249716e-14	200000	800000
-6.7109550707091165e-14	250000	800000
-8.1559158581539760e-14	300000	800000
-9.6533275200526742e-14	350000	800000
-1.1208852283894914e-13	400000	800000
-1.2826704735046818e-13	450000	800000
-1.3529094294215177e-13	500000	800000
-1.2826704735046818e-13	550000	800000
-1.1208852283894911e-13	600000	800000
-9.6533275200526691e-14	650000	800000
-8.1559158581539735e-14	700000	800000
-6.7109550707091177e-14	750000	800000
-5.3115382866249735e-14	800000	800000
-3.9497353240139350e-14	850000	800000
-2.6168165323927836e-14	900000	800000
-1.3034688792916995e-14	950000	800000
0.0000000000000000e+00	1000000	800000
0.0000000000000000e+00	0	850000
-1.2886980207638834e-14	50000	850000
-2.5875558288083730e-14	100000	850000
-3.9065561160051726e-14	150000	850000
-5.2553180531306071e-14	200000	850000
-6.6428942777553375e-14	250000	850000
-8.0775482407098464e-14	300000	850000
-9.5665151101948527e-14	350000	850000
-1.1115757209861998e-13	400000	850000
-1.2729732918498540e-13	450000	850000
-1.3430811622183884e-13	500000	850000
-1.2729732918498540e-13	550000	850000
-1.1115757209861994e-13	600000	850000
-9.5665151101948489e-14	650000	850000
-8.0775482407098464e-14	700000	850000
-6.6428942777553375e-14	750000	850000
-5.2553180531306083e-14	800000	850000
-3.9065561160051739e-14	850000	850000
-2.5875558288083742e-14	900000	850000
-1.2886980207638843e-14	950000	850000
0.0000000000000000e+00	1000000	850000
0.0000000000000000e+00	0	900000
-1.2637673749554612e-14	50000	900000
-2.5381526460716530e-14	100000	900000
-3.8336152580677763e-14	150000	900000
-5.1602835321369484e-14	200000	900000
-6.5277557464717787e-14	250000	900000
-7.9448677167352256e-14	300000	900000
-9.4194274701548973e-14	350000	900000
-1.0957928526859681e-13	400000	900000
-1.2565265950038715e-13	450000	900000
-1.3264098122229163e-13	500000	900000
-1.2565265950038713e-13	550000	900000
-1.0957928526859678e-13	600000	900000
-9.4194274701548948e-14	650000	900000
-7.9448677167352231e-14	700000	900000
-6.5277557464717762e-14	750000	900000
-5.1602835321369478e-14	800000	900000
-3.8336152580677782e-14	850000	900000
-2.5381526460716546e-14	900000	900000
-1.2637673749554620e-14	950000	900000
0.0000000000000000e+00	1000000	900000
0.0000000000000000e+00	0	950000
-1.2282188329863090e-14	50000	950000
-2.4676721224550019e-14	100000	950000
-3.7294687380573334e-14	150000	950000
-5.0244450708776336e-14	200000	950000
-6.3629774592596028e-14	250000	950000
-7.7547394096043762e-14	300000	950000
-9.2083985268298327e-14	350000	950000
-1.0731263477383109e-13	400000	950000
-1.2328912075704732e-13	450000	950000
-1.3024460731361224e-13	500000	950000
-1.2328912075704732e-13	550000	950000
-1.0731263477383108e-13	600000	950000
-9.2083985268298289e-14	650000	950000
-7.7547394096043724e-14	700000	950000
-6.3629774592596016e-14	750000	950000
-5.0244450708776336e-14	800000	950000
-3.7294687380573341e-14	850000	950000
-2.4676721224550032e-14	900000	950000
-1.2282188329863096e-14	950000	950000
0.0000000000000000e+00	1000000	950000
0.0000000000000000e+00	0	1000000
-1.1814358345347732e-14	50000	1000000
-2.3748482727047133e-14	100000	1000000
-3.5921425008289201e-14	150000	1000000
-4.8450505540566508e-14	200000	1000000
-6.1449696100846234e-14	250000	1000000
-7.5027139355928425e-14	300000	1000000
-8.9281637501769470e-14	350000	1000000
-1.0429814780138196e-13	400000	1000000
-1.2014265987173140e-13	450000	1000000
-1.2705332416512154e-13	500000	1000000
-1.2014265987173140e-13	550000	1000000
-1.0429814780138194e-13	600000	1000000
-8.9281637501769457e-14	650000	1000000
-7.5027139355928425e-14	700000	1000000
-6.1449696100846246e-14	750000	1000000
-4.8450505540566521e-14	800000	1000000
-3.5921425008289207e-14	850000	1000000
-2.3748482727047139e-14	900000	1000000
-1.1814358345347734e-14	950000	1000000
0.0000000000000000e+00	1000000	1000000
0.0000000000000000e+00	0	1050000
-1.1226762324480704e-14	50000	1050000
-2.2581426330001591e-14	100000	1050000
-3.4192024384969826e-14	150000	1050000
-4.6186450344354293e-14	200000	1050000
-5.8691364914293974e-14	250000	1050000
-7.1829829725054233e-14	300000	1050000
-8.5717277581469201e-14	350000	1050000
-1.0045565905819589e-13	400000	1050000
-1.1612612519474736e-13	450000	1050000
-1.2297748725047005e-13	500000	1050000
-1.1612612519474733e-13	550000	1050000
-1.0045565905819586e-13	600000	1050000
-8.5717277581469213e-14	650000	1050000
-7.1829829725054245e-14	700000	1050000
-5.8691364914293999e-14	750000	1050000
-4.6186450344354306e-14	800000	1050000
-3.4192024384969838e-14	850000	1050000
-2.2581426330001597e-14	900000	1050000
-1.1226762324480705e-14	950000	1050000
0.0000000000000000e+00	1000000	1050000
0.0000000000000000e+00	0	1100000
-1.0511264622573489e-14	50000	1100000
-2.1158435883508710e-14	100000	1100000
-3.2078795857234216e-14	150000	1100000
-4.3411906537586851e-14	200000	1100000
-5.5299483486921156e-14	250000	1100000
-6.7883537048525306e-14	300000	1100000
-8.1301984040857303e-14	350000	1100000
-9.5681085655184931e-14	400000	1100000
-1.1112477302996461e-13	450000	1100000
-1.1789849209432277e-13	500000	1100000
-1.1112477302996463e-13	550000	1100000
-9.5681085655184982e-14	600000	1100000
-8.1301984040857341e-14	650000	1100000
-6.7883537048525318e-14	700000	1100000
-5.5299483486921175e-14	750000	1100000
-4.3411906537586870e-14	800000	1100000
-3.2078795857234234e-14	850000	1100000
-2.1158435883508720e-14	900000	1100000
-1.0511264622573495e-14	950000	1100000
0.0000000000000000e+00	1000000	1100000
0.0000000000000000e+00	0	1150000
-9.6598602823045513e-15	50000	1150000
-1.9462256724225531e-14	100000	1150000
-2.9552816622871478e-14	150000	1150000
-4.0082896461837759e-14	200000	1150000
-5.1211125447278513e-14	250000	1150000
-6.3102850941268512e-14	300000	1150000
-7.5926035878249737e-14	350000	1150000
-8.9841926491721974e-14	400000	1150000
-1.0498946760697593e-13	450000	1150000
-1.1166105271395060e-13	500000	1150000
-1.0498946760697596e-13	550000	1150000
-8.9841926491722011e-14	600000	1150000
-7.5926035878249800e-14	650000	1150000
-6.3102850941268537e-14	700000	1150000
-5.1211125447278532e-14	750000	1150000
-4.0082896461837772e-14	800000	1150000
-2.9552816622871497e-14	850000	1150000
-1.9462256724225547e-14	900000	1150000
-9.6598602823045576e-15	950000	1150000
0.0000000000000000e+00	1000000	1150000
0.0000000000000000e+00	0	1200000
-8.6659197824191826e-15	50000	1200000
-1.7477914108217395e-14	100000	1200000
-2.6587317448188433e-14	150000	1200000
-3.6155737239614182e-14	200000	1200000
-4.6359270899086644e-14	250000	1200000
-5.7390705391020480e-14	300000	1200000
-6.9457382039151185e-14	350000	1200000
-8.2771116826477313e-14	400000	1200000
-9.7526196623639118e-14	450000	1200000
-1.0406090119458656e-13	500000	1200000
-9.7526196623639169e-14	550000	1200000
-8.2771116826477376e-14	600000	1200000
-6.9457382039151248e-14	650000	1200000
-5.7390705391020518e-14	700000	1200000
-4.6359270899086656e-14	750000	1200000
-3.6155737239614188e-14	800000	1200000
-2.6587317448188437e-14	850000	1200000
-1.7477914108217402e-14	900000	1200000
-8.6659197824191874e-15	950000	1200000
0.0000000000000000e+00	1000000	1200000
0.0000000000000000e+00	0	1250000
-7.5259047391547886e-15	50000	1250000
-1.5196162478036425e-14	100000	1250000
-2.3162801822050675e-14	150000	1250000
-3.1593464149343873e-14	200000	1250000
-4.0679515518433406e-14	250000	1250000
-5.0643317684575616e-14	300000	1250000
-6.1741670060857236e-14	350000	1250000
-7.4258962151397012e-14	400000	1250000
-8.8479379297889248e-14	450000	1250000
-9.4824276464176189e-14	500000	1250000
-8.8479379297889311e-14	550000	1250000
-7.4258962151397050e-14	600000	1250000
-6.1741670060857274e-14	650000	1250000
-5.0643317684575641e-14	700000	1250000
-4.0679515518433413e-14	750000	1250000
-3.1593464149343880e-14	800000	1250000
-2.3162801822050678e-14	850000	1250000
-1.5196162478036428e-14	900000	1250000
-7.5259047391547933e-15	950000	1250000
0.0000000000000000e+00	1000000	1250000
0.0000000000000000e+00	0	1300000
-6.2415366961635508e-15	50000	1300000
-1.2618029242722841e-14	100000	1300000
-1.9274263212633969e-14	150000	1300000
-2.6375802017277249e-14	200000	1300000
-3.4122009340727455e-14	250000	1300000
-4.2761379767991366e-14	300000	1300000
-5.2607018368305149e-14	350000	1300000
-6.4043682420364202e-14	400000	1300000
-7.7504160383717311e-14	450000	1300000
-8.3571563713398503e-14	500000	1300000
-7.7504160383717324e-14	550000	1300000
-6.4043682420364214e-14	600000	1300000
-5.2607018368305168e-14	650000	1300000
-4.2761379767991385e-14	700000	1300000
-3.4122009340727467e-14	750000	1300000
-2.6375802017277255e-14	800000	1300000
-1.9274263212633972e-14	850000	1300000
-1.2618029242722844e-14	900000	1300000
-6.2415366961635539e-15	950000	1300000
0.0000000000000000e+00	1000000	1300000
0.0000000000000000e+00	0	1350000
-4.8222128027765737e-15	50000	1350000
-9.7601545840574270e-15	100000	1350000
-1.4940419768485099e-14	150000	1350000
-2.0513471366403700e-14	200000	1350000
-2.6671340059207804e-14	250000	1350000
-3.3673173678357263e-14	300000	1350000
-4.1881341224007800e-14	350000	1350000
-5.1804588778037315e-14	400000	1350000
-6.4118094534589804e-14	450000	1350000
-6.9747775269041992e-14	500000	1350000
-6.4118094534589817e-14	550000	1350000
-5.1804588778037328e-14	600000	1350000
-4.1881341224007813e-14	650000	1350000
-3.3673173678357276e-14	700000	1350000
-2.6671340059207813e-14	750000	1350000
-2.0513471366403710e-14	800000	1350000
-1.4940419768485102e-14	850000	1350000
-9.7601545840574301e-15	900000	1350000
-4.8222128027765760e-15	950000	1350000
0.0000000000000000e+00	1000000	1350000
0.0000000000000000e+00	0	1400000
-3.2871599308853196e-15	50000	1400000
-6.6599565222451929e-15	100000	1400000
-1.0213789910845297e-14	150000	1400000
-1.4066323620644666e-14	200000	1400000
-1.8376705851342797e-14	250000	1400000
-2.3378633662222083e-14	300000	1400000
-2.9440584071331467e-14	350000	1400000
-3.7175236933187462e-14	400000	1400000
-4.7611932138935209e-14	450000	1400000
-5.2477465940648689e-14	500000	1400000
-4.7611932138935203e-14	550000	1400000
-3.7175236933187468e-14	600000	1400000
-2.9440584071331480e-14	650000	1400000
-2.3378633662222089e-14	700000	1400000
-1.8376705851342800e-14	750000	1400000
-1.4066323620644672e-14	800000	1400000
-1.0213789910845301e-14	850000	1400000
-6.6599565222451976e-15	900000	1400000
-3.2871599308853224e-15	950000	1400000
0.0000000000000000e+00	1000000	1400000
0.0000000000000000e+00	0	1450000
-1.6664703985195132e-15	50000	1450000
-3.3787216631927334e-15	100000	1450000
-5.1884597320062271e-15	150000	1450000
-7.1613273539868798e-15	200000	1450000
-9.3905260632966196e-15	250000	1450000
-1.2024071047856808e-14	300000	1450000
-1.5327124465908533e-14	350000	1450000
-1.9843842744445853e-14	400000	1450000
-2.6873009578687422e-14	450000	1450000
-3.0232341862741177e-14	500000	1450000
-2.6873009578687422e-14	550000	1450000
-1.9843842744445856e-14	600000	1450000
-1.5327124465908536e-14	650000	1450000
-1.2024071047856813e-14	700000	1450000
-9.3905260632966244e-15	750000	1450000
-7.1613273539868814e-15	800000	1450000
-5.1884597320062286e-15	850000	1450000
-3.3787216631927350e-15	900000	1450000
-1.6664703985195141e-15	950000	1450000
0.0000000000000000e+00	1000000	1450000
0.0000000000000000e+00	0	1500000
0.0000000000000000e+00	50000	1500000
0.0000000000000000e+00	100000	1500000
0.0000000000000000e+00	150000	1500000
0.0000000000000000e+00	200000	1500000
0.0000000000000000e+00	250000	1500000
0.0000000000000000e+00	300000	1500000
0.0000000000000000e+00	350000	1500000
0.0000000000000000e+00	400000	1500000
0.0000000000000000e+00	450000	1500000
0.0000000000000000e+00	500000	1500000
0.0000000000000000e+00	550000	1500000
0.0000000000000000e+00	600000	1500000
0.0000000000000000e+00	650000	1500000
0.0000000000000000e+00	700000	1500000
0.0000000000000000e+00	750000	1500000
0.0000000000000000e+00	800000	1500000
0.0000000000000000e+00	850000	1500000
0.0000000000000000e+00	900000	1500000
0.0000000000000000e+00	950000	1500000
0.0000000000000000e+00	1000000	1500000
