0.0000000000000000e+00	0	0
0.0000000000000000e+00	50000	0
0.0000000000000000e+00	100000	0
0.0000000000000000e+00	150000	0
0.0000000000000000e+00	200000	0
0.0000000000000000e+00	250000	0
0.0000000000000000e+00	300000	0
0.0000000000000000e+00	350000	0
0.0000000000000000e+00	400000	0
0.0000000000000000e+00	450000	0
0.0000000000000000e+00	500000	0
0.0000000000000000e+00	550000	0
0.0000000000000000e+00	600000	0
0.0000000000000000e+00	650000	0
0.0000000000000000e+00	700000	0
0.0000000000000000e+00	750000	0
0.0000000000000000e+00	800000	0
0.0000000000000000e+00	850000	0
0.0000000000000000e+00	900000	0
0.0000000000000000e+00	950000	0
0.0000000000000000e+00	1000000	0
0.0000000000000000e+00	0	50000
1.1972858459539738e-04	50000	50000
2.3769147426952762e-04	100000	50000
3.5245390833590977e-04	150000	50000
4.6238485064731163e-04	200000	50000
5.6560881873674626e-04	250000	50000
6.5989089408818435e-04	300000	50000
7.4241973771348689e-04	350000	50000
8.0935162280934157e-04	400000	50000
8.5466620670173583e-04	450000	50000
8.7018386292627770e-04	500000	50000
8.5243056553455370e-04	550000	50000
8.0585682922890936e-04	600000	50000
7.3855217289979600e-04	650000	50000
6.5600237762044461e-04	700000	50000
5.6188275832890649e-04	750000	50000
4.5895643634143873e-04	800000	50000
3.4946289521358933e-04	850000	50000
2.3532329158086778e-04	900000	50000
1.1827587020466203e-04	950000	50000
0.0000000000000000e+00	1000000	50000
0.0000000000000000e+00	0	100000
2.3709245548053599e-04	50000	100000
4.7079155923818747e-04	100000	100000
6.9806049951021641e-04	150000	100000
9.1554094999939681e-04	200000	100000
1.1193905072633824e-03	250000	100000
1.3050289573259596e-03	300000	100000
1.4667115361744569e-03	350000	100000
1.5967491289792506e-03	400000	100000
1.6839849464598531e-03	450000	100000
1.7142751277706139e-03	500000	100000
1.6812469450916280e-03	550000	100000
1.5920910035253670e-03	600000	100000
1.4610677354637649e-03	650000	100000
1.2990277451113209e-03	700000	100000
1.1134522513088325e-03	750000	100000
9.0998988267052851e-04	800000	100000
6.9320458818914257e-04	850000	100000
4.6698914672222162e-04	900000	100000
2.3482914790706866e-04	950000	100000
0.0000000000000000e+00	1000000	100000
0.0000000000000000e+00	0	150000
3.5030030500335607e-04	50000	150000
6.9558733121725393e-04	100000	150000
1.0311377516512581e-03	150000	150000
1.3517769882854247e-03	200000	150000
1.6516101101551961e-03	250000	150000
1.9236438348355020e-03	300000	150000
2.1592109612086478e-03	350000	150000
2.3470488375394926e-03	400000	150000
2.4718074546463361e-03	450000	150000
2.5152470693147379e-03	500000	150000
2.4690870250167543e-03	550000	150000
2.3421861059600021e-03	600000	150000
2.1529886810340553e-03	650000	150000
1.9167517241824004e-03	700000	150000
1.6446046793769629e-03	750000	150000
1.3451285351067652e-03	800000	150000
1.0252929960899134e-03	850000	150000
6.9103316294229754e-04	900000	150000
3.4763224702925784e-04	950000	150000
0.0000000000000000e+00	1000000	150000
0.0000000000000000e+00	0	200000
4.5774765546565229e-04	50000	200000
9.0884084988528070e-04	100000	200000
1.3468191120107381e-03	150000	200000
1.7646420713403751e-03	200000	200000
2.1543353730732254e-03	250000	200000
2.5065256977662184e-03	300000	200000
2.8097937260613336e-03	350000	200000
3.0497523808653794e-03	400000	200000
3.2077603713628702e-03	450000	200000
3.2627551764020995e-03	500000	200000
3.2052276783844924e-03	550000	200000
3.0450933158170657e-03	600000	200000
2.8036288409050395e-03	650000	200000
2.4995003369017868e-03	700000	200000
2.1470450275700953e-03	750000	200000
1.7576332843065698e-03	800000	200000
1.3406233506285349e-03	850000	200000
9.0402069076520432e-04	900000	200000
4.5494797479526749e-04	950000	200000
0.0000000000000000e+00	1000000	200000
0.0000000000000000e+00	0	250000
5.5810575863569738e-04	50000	250000
1.1079091943903435e-03	100000	250000
1.6412012307429589e-03	150000	250000
2.1490802990461258e-03	200000	250000
2.6215385400957972e-03	250000	250000
3.0469501098802326e-03	300000	250000
3.4114146203246946e-03	350000	250000
3.6979111899526737e-03	400000	250000
3.8852501057493011e-03	450000	250000
3.9503759731459864e-03	500000	250000
3.8829631636487947e-03	550000	250000
3.6936322837522236e-03	600000	250000
3.4056329514039543e-03	650000	250000
3.0402323265623192e-03	700000	250000
2.6144597843722030e-03	750000	250000
2.1422042785571496e-03	800000	250000
1.6350913425867918e-03	850000	250000
1.1031554362791679e-03	900000	250000
5.5535787944622464e-04	950000	250000
0.0000000000000000e+00	1000000	250000
0.0000000000000000e+00	0	300000
6.5034401442121018e-04	50000	300000
1.2907656243211852e-03	100000	300000
1.9113418348168333e-03	150000	300000
2.5013699895752948e-03	200000	300000
3.0489180839661581e-03	250000	300000
3.5402985223775977e-03	300000	300000
3.9594395350665010e-03	350000	300000
4.2871413172400671e-03	400000	300000
4.5002382454582919e-03	450000	300000
4.5742266648250525e-03	500000	300000
4.4982140799046414e-03	550000	300000
4.2833150188585981e-03	600000	300000
3.9542001408218695e-03	650000	300000
3.5341300781137975e-03	700000	300000
3.0423459565985926e-03	750000	300000
2.4949353335796997e-03	800000	300000
1.9055990810918793e-03	850000	300000
1.2862942205248875e-03	900000	300000
6.4776654105647841e-04	950000	300000
0.0000000000000000e+00	1000000	300000
0.0000000000000000e+00	0	350000
7.3371233381834273e-04	50000	350000
1.4559509571818602e-03	100000	350000
2.1551597866261252e-03	150000	350000
2.8189435728229670e-03	200000	350000
3.4336016024681826e-03	250000	350000
3.9836080867410723e-03	300000	350000
4.4510286376397640e-03	350000	350000
4.8148771401405714e-03	400000	350000
5.0504450293097575e-03	450000	350000
5.1321479066198097e-03	500000	350000
5.0486836367694297e-03	550000	350000
4.8115262593046671e-03	600000	350000
4.4464005798149709e-03	650000	350000
3.9781104568045759e-03	700000	350000
3.4276979876897776e-03	750000	350000
2.8131292578926718e-03	800000	350000
2.1499526024569443e-03	850000	350000
1.4518930043577428e-03	900000	350000
7.3137717753461522e-04	950000	350000
0.0000000000000000e+00	1000000	350000
0.0000000000000000e+00	0	400000
8.0770155473268218e-04	50000	400000
1.6024864609514486e-03	100000	400000
2.3712870965071457e-03	150000	400000
3.1001619958055003e-03	200000	400000
3.7738266768744541e-03	250000	400000
4.3751522720412985e-03	300000	400000
4.8846309704120806e-03	350000	400000
5.2798204082501136e-03	400000	400000
5.5347988439977264e-03	450000	400000
5.6231587388512203e-03	500000	400000
5.5332925866343795e-03	550000	400000
5.2769432332872429e-03	600000	400000
4.8806346788373397e-03	650000	400000
4.3703761881210218e-03	700000	400000
3.7686694489546886e-03	750000	400000
3.0950609043716632e-03	800000	400000
2.3667065688919280e-03	850000	400000
1.5989140633903436e-03	900000	400000
8.0564811485099542e-04	950000	400000
0.0000000000000000e+00	1000000	400000
0.0000000000000000e+00	0	450000
8.7199493214585916e-04	50000	450000
1.7297727339305627e-03	100000	450000
2.5589086497715954e-03	150000	450000
3.3440888120432524e-03	200000	450000
4.0686467899124839e-03	250000	450000
4.7140851859111535e-03	300000	450000
5.2595868141657254e-03	350000	450000
5.6815301857456773e-03	400000	450000
5.9530370872668470e-03	450000	450000
6.0470653188439659e-03	500000	450000
5.9517750621238532e-03	550000	450000
5.6791131663977441e-03	600000	450000
5.2562170772237184e-03	650000	450000
4.7100412396403751e-03	700000	450000
4.0642632331922071e-03	750000	450000
3.3397396161375962e-03	800000	450000
2.5549956971905206e-03	850000	450000
1.7267191181450691e-03	900000	450000
8.7024107941496755e-04	950000	450000
0.0000000000000000e+00	1000000	450000
0.0000000000000000e+00	0	500000
9.2641925448767610e-04	50000	500000
1.8374904949385055e-03	100000	500000
2.7176109967131899e-03	150000	500000
3.5502869697477250e-03	200000	500000
4.3176802784083684e-03	250000	500000
5.0001533038785762e-03	300000	500000
5.5758193955179622e-03	350000	500000
6.0201137146916120e-03	400000	500000
6.3054075464864211e-03	450000	500000
6.4041683122182322e-03	500000	500000
6.3043779527165392e-03	550000	500000
6.0181384281756088e-03	600000	500000
5.5730586301231842e-03	650000	500000
4.9968308598613356e-03	700000	500000
4.3140691826252858e-03	750000	500000
3.5466964214318436e-03	800000	500000
2.7143761234734937e-03	850000	500000
1.8349649440683601e-03	900000	500000
9.2496955335983233e-04	950000	500000
0.0000000000000000e+00	1000000	500000
0.0000000000000000e+00	0	550000
9.7090049524627229e-04	50000	550000
1.9255120497415092e-03	100000	550000
2.8472507665504724e-03	150000	550000
3.7186474113623936e-03	200000	550000
4.5209056782964515e-03	250000	550000
5.2334679948058656e-03	300000	550000
5.8335977048382106e-03	350000	550000
6.2959915445789973e-03	400000	550000
6.5924413838539062e-03	450000	550000
6.6950398861462994e-03	500000	550000
6.5916329501615849e-03	550000	550000
6.2944387863388589e-03	600000	550000
5.8314238814932981e-03	650000	550000
5.2308469539578848e-03	700000	550000
4.5180517253436822e-03	750000	550000
3.7158054631690309e-03	800000	550000
2.8446878877857449e-03	850000	550000
1.9235105679643143e-03	900000	550000
9.6975213614017763e-04	950000	550000
0.0000000000000000e+00	1000000	550000
0.0000000000000000e+00	0	600000
1.0054263229443529e-03	50000	600000
1.9938272620858288e-03	100000	600000
2.9478464702439562e-03	150000	600000
3.8492510295785394e-03	200000	600000
4.6785004891635980e-03	250000	600000
5.4143298286688903e-03	300000	600000
6.0333557728434756e-03	350000	600000
6.5097193024261377e-03	400000	600000
6.8147802138764741e-03	450000	600000
6.9203533184281456e-03	500000	600000
6.8141831106279249e-03	550000	600000
6.5085715959489372e-03	600000	600000
6.0317472647191048e-03	650000	600000
5.4123879813128334e-03	700000	600000
4.6763835177656985e-03	750000	600000
3.8471408592807101e-03	800000	600000
2.9459422986328147e-03	850000	600000
1.9923399362894666e-03	900000	600000
1.0045732542528500e-03	950000	600000
0.0000000000000000e+00	1000000	600000
0.0000000000000000e+00	0	650000
1.0300161904002929e-03	50000	650000
2.0424849216671400e-03	100000	650000
3.0194937574634343e-03	150000	650000
3.9422620004887872e-03	200000	650000
4.7907182989441388e-03	250000	650000
5.5430962156203609e-03	300000	650000
6.1755573895597030e-03	350000	650000
6.6618542529746959e-03	400000	650000
6.9730460360547314e-03	450000	650000
7.0807544749701802e-03	500000	650000
6.9726524686146308e-03	550000	650000
6.6610974188050214e-03	600000	650000
6.1744959679199025e-03	650000	650000
5.5418138253166714e-03	700000	650000
4.7893191870248758e-03	750000	650000
3.9408665043008393e-03	800000	650000
3.0182339893871941e-03	850000	650000
2.0415008342316238e-03	900000	650000
1.0294518946000724e-03	950000	650000
0.0000000000000000e+00	1000000	650000
0.0000000000000000e+00	0	700000
1.0446988769292061e-03	50000	700000
2.0715489312210979e-03	100000	700000
3.0623025452062784e-03	150000	700000
3.9978493154876407e-03	200000	700000
4.8577991345815840e-03	250000	700000
5.6200854269283377e-03	300000	700000
6.2605982325561298e-03	350000	700000
6.7528585574868662e-03	400000	700000
7.0677465234979652e-03	450000	700000
7.1767680062188692e-03	500000	700000
7.0675511110572520e-03	550000	700000
6.7524826828753567e-03	600000	700000
6.2600708916639861e-03	650000	700000
5.6194480291637244e-03	700000	700000
4.8571034289167639e-03	750000	700000
3.9971551672157392e-03	800000	700000
3.0616757744649690e-03	850000	700000
2.0710592956880393e-03	900000	700000
1.0444181504873696e-03	950000	700000
0.0000000000000000e+00	1000000	700000
0.0000000000000000e+00	0	750000
1.0494970201437286e-03	50000	750000
2.0810682151445464e-03	100000	750000
3.0763540189394948e-03	150000	750000
4.0161333749735495e-03	200000	750000
4.8799087133054690e-03	250000	750000
5.6455117338424102e-03	300000	750000
6.2887397299057068e-03	350000	750000
6.7830337262301688e-03	400000	750000
7.0992106125338074e-03	450000	750000
7.2087334368599520e-03	500000	750000
7.0992106125338057e-03	550000	750000
6.7830337262301680e-03	600000	750000
6.2887397299057042e-03	650000	750000
5.6455117338424076e-03	700000	750000
4.8799087133054656e-03	750000	750000
4.0161333749735460e-03	800000	750000
3.0763540189394931e-03	850000	750000
2.0810682151445456e-03	900000	750000
1.0494970201437280e-03	950000	750000
0.0000000000000000e+00	1000000	750000
0.0000000000000000e+00	0	800000
1.0444181504873705e-03	50000	800000
2.0710592956880410e-03	100000	800000
3.0616757744649720e-03	150000	800000
3.9971551672157426e-03	200000	800000
4.8571034289167673e-03	250000	800000
5.6194480291637278e-03	300000	800000
6.2600708916639913e-03	350000	800000
6.7524826828753619e-03	400000	800000
7.0675511110572563e-03	450000	800000
7.1767680062188735e-03	500000	800000
7.0677465234979704e-03	550000	800000
6.7528585574868679e-03	600000	800000
6.2605982325561298e-03	650000	800000
5.6200854269283351e-03	700000	800000
4.8577991345815832e-03	750000	800000
3.9978493154876390e-03	800000	800000
3.0623025452062784e-03	850000	800000
2.0715489312210979e-03	900000	800000
1.0446988769292058e-03	950000	800000
0.0000000000000000e+00	1000000	800000
0.0000000000000000e+00	0	850000
1.0294518946000733e-03	50000	850000
2.0415008342316260e-03	100000	850000
3.0182339893871967e-03	150000	850000
3.9408665043008436e-03	200000	850000
4.7893191870248836e-03	250000	850000
5.5418138253166783e-03	300000	850000
6.1744959679199095e-03	350000	850000
6.6610974188050284e-03	400000	850000
6.9726524686146377e-03	450000	850000
7.0807544749701880e-03	500000	850000
6.9730460360547409e-03	550000	850000
6.6618542529747020e-03	600000	850000
6.1755573895597039e-03	650000	850000
5.5430962156203618e-03	700000	850000
4.7907182989441388e-03	750000	850000
3.9422620004887872e-03	800000	850000
3.0194937574634347e-03	850000	850000
2.0424849216671413e-03	900000	850000
1.0300161904002933e-03	950000	850000
0.0000000000000000e+00	1000000	850000
0.0000000000000000e+00	0	900000
1.0045732542528511e-03	50000	900000
1.9923399362894692e-03	100000	900000
2.9459422986328173e-03	150000	900000
3.8471408592807145e-03	200000	900000
4.6763835177657063e-03	250000	900000
5.4123879813128403e-03	300000	900000
6.0317472647191108e-03	350000	900000
6.5085715959489433e-03	400000	900000
6.8141831106279353e-03	450000	900000
6.9203533184281560e-03	500000	900000
6.8147802138764819e-03	550000	900000
6.5097193024261438e-03	600000	900000
6.0333557728434800e-03	650000	900000
5.4143298286688938e-03	700000	900000
4.6785004891636006e-03	750000	900000
3.8492510295785416e-03	800000	900000
2.9478464702439571e-03	850000	900000
1.9938272620858301e-03	900000	900000
1.0054263229443536e-03	950000	900000
0.0000000000000000e+00	1000000	900000
0.0000000000000000e+00	0	950000
9.6975213614017871e-04	50000	950000
1.9235105679643167e-03	100000	950000
2.8446878877857484e-03	150000	950000
3.7158054631690352e-03	200000	950000
4.5180517253436882e-03	250000	950000
5.2308469539578926e-03	300000	950000
5.8314238814933051e-03	350000	950000
6.2944387863388676e-03	400000	950000
6.5916329501615935e-03	450000	950000
6.6950398861463090e-03	500000	950000
6.5924413838539149e-03	550000	950000
6.2959915445790025e-03	600000	950000
5.8335977048382132e-03	650000	950000
5.2334679948058700e-03	700000	950000
4.5209056782964541e-03	750000	950000
3.7186474113623962e-03	800000	950000
2.8472507665504737e-03	850000	950000
1.9255120497415103e-03	900000	950000
9.7090049524627272e-04	950000	950000
0.0000000000000000e+00	1000000	950000
0.0000000000000000e+00	0	1000000
9.2496955335983331e-04	50000	1000000
1.8349649440683622e-03	100000	1000000
2.7143761234734967e-03	150000	1000000
3.5466964214318471e-03	200000	1000000
4.3140691826252893e-03	250000	1000000
4.9968308598613417e-03	300000	1000000
5.5730586301231929e-03	350000	1000000
6.0181384281756175e-03	400000	1000000
6.3043779527165488e-03	450000	1000000
6.4041683122182400e-03	500000	1000000
6.3054075464864289e-03	550000	1000000
6.0201137146916189e-03	600000	1000000
5.5758193955179674e-03	650000	1000000
5.0001533038785814e-03	700000	1000000
4.3176802784083727e-03	750000	1000000
3.5502869697477285e-03	800000	1000000
2.7176109967131921e-03	850000	1000000
1.8374904949385062e-03	900000	1000000
9.2641925448767642e-04	950000	1000000
0.0000000000000000e+00	1000000	1000000
0.0000000000000000e+00	0	1050000
8.7024107941496842e-04	50000	1050000
1.7267191181450710e-03	100000	1050000
2.5549956971905241e-03	150000	1050000
3.3397396161376006e-03	200000	1050000
4.0642632331922097e-03	250000	1050000
4.7100412396403786e-03	300000	1050000
5.2562170772237271e-03	350000	1050000
5.6791131663977527e-03	400000	1050000
5.9517750621238628e-03	450000	1050000
6.0470653188439754e-03	500000	1050000
5.9530370872668548e-03	550000	1050000
5.6815301857456833e-03	600000	1050000
5.2595868141657297e-03	650000	1050000
4.7140851859111587e-03	700000	1050000
4.0686467899124883e-03	750000	1050000
3.3440888120432554e-03	800000	1050000
2.5589086497715976e-03	850000	1050000
1.7297727339305640e-03	900000	1050000
8.7199493214585981e-04	950000	1050000
0.0000000000000000e+00	1000000	1050000
0.0000000000000000e+00	0	1100000
8.0564811485099661e-04	50000	1100000
1.5989140633903458e-03	100000	1100000
2.3667065688919311e-03	150000	1100000
3.0950609043716671e-03	200000	1100000
3.7686694489546917e-03	250000	1100000
4.3703761881210270e-03	300000	1100000
4.8806346788373457e-03	350000	1100000
5.2769432332872507e-03	400000	1100000
5.5332925866343882e-03	450000	1100000
5.6231587388512298e-03	500000	1100000
5.5347988439977342e-03	550000	1100000
5.2798204082501222e-03	600000	1100000
4.8846309704120884e-03	650000	1100000
4.3751522720413055e-03	700000	1100000
3.7738266768744589e-03	750000	1100000
3.1001619958055033e-03	800000	1100000
2.3712870965071479e-03	850000	1100000
1.6024864609514497e-03	900000	1100000
8.0770155473268283e-04	950000	1100000
0.0000000000000000e+00	1000000	1100000
0.0000000000000000e+00	0	1150000
7.3137717753461620e-04	50000	1150000
1.4518930043577447e-03	100000	1150000
2.1499526024569469e-03	150000	1150000
2.8131292578926752e-03	200000	1150000
3.4276979876897810e-03	250000	1150000
3.9781104568045811e-03	300000	1150000
4.4464005798149743e-03	350000	1150000
4.8115262593046750e-03	400000	1150000
5.0486836367694375e-03	450000	1150000
5.1321479066198192e-03	500000	1150000
5.0504450293097662e-03	550000	1150000
4.8148771401405792e-03	600000	1150000
4.4510286376397727e-03	650000	1150000
3.9836080867410783e-03	700000	1150000
3.4336016024681874e-03	750000	1150000
2.8189435728229705e-03	800000	1150000
2.1551597866261273e-03	850000	1150000
1.4559509571818615e-03	900000	1150000
7.3371233381834349e-04	950000	1150000
0.0000000000000000e+00	1000000	1150000
0.0000000000000000e+00	0	1200000
6.4776654105647927e-04	50000	1200000
1.2862942205248893e-03	100000	1200000
1.9055990810918821e-03	150000	1200000
2.4949353335797031e-03	200000	1200000
3.0423459565985960e-03	250000	1200000
3.5341300781138009e-03	300000	1200000
3.9542001408218739e-03	350000	1200000
4.2833150188586041e-03	400000	1200000
4.4982140799046484e-03	450000	1200000
4.5742266648250611e-03	500000	1200000
4.5002382454582997e-03	550000	1200000
4.2871413172400749e-03	600000	1200000
3.9594395350665088e-03	650000	1200000
3.5402985223776033e-03	700000	1200000
3.0489180839661624e-03	750000	1200000
2.5013699895752978e-03	800000	1200000
1.9113418348168354e-03	850000	1200000
1.2907656243211865e-03	900000	1200000
6.5034401442121083e-04	950000	1200000
0.0000000000000000e+00	1000000	1200000
0.0000000000000000e+00	0	1250000
5.5535787944622551e-04	50000	1250000
1.1031554362791695e-03	100000	1250000
1.6350913425867944e-03	150000	1250000
2.1422042785571522e-03	200000	1250000
2.6144597843722060e-03	250000	1250000
3.0402323265623227e-03	300000	1250000
3.4056329514039578e-03	350000	1250000
3.6936322837522280e-03	400000	1250000
3.8829631636487995e-03	450000	1250000
3.9503759731459916e-03	500000	1250000
3.8852501057493071e-03	550000	1250000
3.6979111899526811e-03	600000	1250000
3.4114146203247007e-03	650000	1250000
3.0469501098802369e-03	700000	1250000
2.6215385400958011e-03	750000	1250000
2.1490802990461293e-03	800000	1250000
1.6412012307429609e-03	850000	1250000
1.1079091943903448e-03	900000	1250000
5.5810575863569792e-04	950000	1250000
0.0000000000000000e+00	1000000	1250000
0.0000000000000000e+00	0	1300000
4.5494797479526814e-04	50000	1300000
9.0402069076520541e-04	100000	1300000
1.3406233506285366e-03	150000	1300000
1.7576332843065718e-03	200000	1300000
2.1470450275700979e-03	250000	1300000
2.4995003369017899e-03	300000	1300000
2.8036288409050425e-03	350000	1300000
3.0450933158170687e-03	400000	1300000
3.2052276783844959e-03	450000	1300000
3.2627551764021030e-03	500000	1300000
3.2077603713628728e-03	550000	1300000
3.0497523808653828e-03	600000	1300000
2.8097937260613366e-03	650000	1300000
2.5065256977662219e-03	700000	1300000
2.1543353730732288e-03	750000	1300000
1.7646420713403777e-03	800000	1300000
1.3468191120107401e-03	850000	1300000
9.0884084988528189e-04	900000	1300000
4.5774765546565288e-04	950000	1300000
0.0000000000000000e+00	1000000	1300000
0.0000000000000000e+00	0	1350000
3.4763224702925833e-04	50000	1350000
6.9103316294229851e-04	100000	1350000
1.0252929960899147e-03	150000	1350000
1.3451285351067670e-03	200000	1350000
1.6446046793769649e-03	250000	1350000
1.9167517241824028e-03	300000	1350000
2.1529886810340575e-03	350000	1350000
2.3421861059600038e-03	400000	1350000
2.4690870250167560e-03	450000	1350000
2.5152470693147397e-03	500000	1350000
2.4718074546463383e-03	550000	1350000
2.3470488375394948e-03	600000	1350000
2.1592109612086499e-03	650000	1350000
1.9236438348355046e-03	700000	1350000
1.6516101101551987e-03	750000	1350000
1.3517769882854269e-03	800000	1350000
1.0311377516512596e-03	850000	1350000
6.9558733121725491e-04	900000	1350000
3.5030030500335656e-04	950000	1350000
0.0000000000000000e+00	1000000	1350000
0.0000000000000000e+00	0	1400000
2.3482914790706898e-04	50000	1400000
4.6698914672222227e-04	100000	1400000
6.9320458818914355e-04	150000	1400000
9.0998988267053014e-04	200000	1400000
1.1134522513088338e-03	250000	1400000
1.2990277451113224e-03	300000	1400000
1.4610677354637664e-03	350000	1400000
1.5920910035253683e-03	400000	1400000
1.6812469450916293e-03	450000	1400000
1.7142751277706147e-03	500000	1400000
1.6839849464598538e-03	550000	1400000
1.5967491289792519e-03	600000	1400000
1.4667115361744589e-03	650000	1400000
1.3050289573259611e-03	700000	1400000
1.1193905072633839e-03	750000	1400000
9.1554094999939822e-04	800000	1400000
6.9806049951021739e-04	850000	1400000
4.7079155923818823e-04	900000	1400000
2.3709245548053634e-04	950000	1400000
0.0000000000000000e+00	1000000	1400000
0.0000000000000000e+00	0	1450000
1.1827587020466218e-04	50000	1450000
2.3532329158086810e-04	100000	1450000
3.4946289521358998e-04	150000	1450000
4.5895643634143949e-04	200000	1450000
5.6188275832890714e-04	250000	1450000
6.5600237762044515e-04	300000	1450000
7.3855217289979665e-04	350000	1450000
8.0585682922891002e-04	400000	1450000
8.5243056553455435e-04	450000	1450000
8.7018386292627835e-04	500000	1450000
8.5466620670173648e-04	550000	1450000
8.0935162280934211e-04	600000	1450000
7.4241973771348765e-04	650000	1450000
6.5989089408818500e-04	700000	1450000
5.6560881873674680e-04	750000	1450000
4.6238485064731228e-04	800000	1450000
3.5245390833591025e-04	850000	1450000
2.3769147426952800e-04	900000	1450000
1.1972858459539757e-04	950000	1450000
0.0000000000000000e+00	1000000	1450000
0.0000000000000000e+00	0	1500000
0.0000000000000000e+00	50000	1500000
0.0000000000000000e+00	100000	1500000
0.0000000000000000e+00	150000	1500000
0.0000000000000000e+00	200000	1500000
0.0000000000000000e+00	250000	1500000
0.0000000000000000e+00	300000	1500000
0.0000000000000000e+00	350000	1500000
0.0000000000000000e+00	400000	1500000
0.0000000000000000e+00	450000	1500000
0.0000000000000000e+00	500000	1500000
0.0000000000000000e+00	550000	1500000
0.0000000000000000e+00	600000	1500000
0.0000000000000000e+00	650000	1500000
0.0000000000000000e+00	700000	1500000
0.0000000000000000e+00	750000	1500000
0.0000000000000000e+00	800000	1500000
0.0000000000000000e+00	850000	1500000
0.0000000000000000e+00	900000	1500000
0.0000000000000000e+00	950000	1500000
0.0000000000000000e+00	1000000	1500000
