0.0000000000000000e+00	0	0
0.0000000000000000e+00	50000	0
0.0000000000000000e+00	100000	0
0.0000000000000000e+00	150000	0
0.0000000000000000e+00	200000	0
0.0000000000000000e+00	250000	0
0.0000000000000000e+00	300000	0
0.0000000000000000e+00	350000	0
0.0000000000000000e+00	400000	0
0.0000000000000000e+00	450000	0
0.0000000000000000e+00	500000	0
0.0000000000000000e+00	550000	0
0.0000000000000000e+00	600000	0
0.0000000000000000e+00	650000	0
0.0000000000000000e+00	700000	0
0.0000000000000000e+00	750000	0
0.0000000000000000e+00	800000	0
0.0000000000000000e+00	850000	0
0.0000000000000000e+00	900000	0
0.0000000000000000e+00	950000	0
0.0000000000000000e+00	1000000	0
0.0000000000000000e+00	0	50000
-4.0471423964045306e-15	50000	50000
-8.2054668963252029e-15	100000	50000
-1.2600545063443685e-14	150000	50000
-1.7391795002539552e-14	200000	50000
-2.2805563296577502e-14	250000	50000
-2.9201315401937955e-14	300000	50000
-3.7223016560063567e-14	350000	50000
-4.8192189522225646e-14	400000	50000
-6.5263023262526595e-14	450000	50000
-7.3421401666657160e-14	500000	50000
-6.5263023262526595e-14	550000	50000
-4.8192189522225652e-14	600000	50000
-3.7223016560063574e-14	650000	50000
-2.9201315401937955e-14	700000	50000
-2.2805563296577499e-14	750000	50000
-1.7391795002539555e-14	800000	50000
-1.2600545063443686e-14	850000	50000
-8.2054668963252044e-15	900000	50000
-4.0471423964045306e-15	950000	50000
0.0000000000000000e+00	1000000	50000
0.0000000000000000e+00	0	100000
-7.9831026892929166e-15	50000	100000
-1.6174180125452604e-14	100000	100000
-2.4804918354909989e-14	150000	100000
-3.4161071650137026e-14	200000	100000
-4.4629142781832462e-14	250000	100000
-5.6776681751110740e-14	300000	100000
-7.1498561316090682e-14	350000	100000
-9.0282718266312384e-14	400000	100000
-1.1562897805169978e-13	450000	100000
-1.2744527442728971e-13	500000	100000
-1.1562897805169980e-13	550000	100000
-9.0282718266312422e-14	600000	100000
-7.1498561316090719e-14	650000	100000
-5.6776681751110765e-14	700000	100000
-4.4629142781832481e-14	750000	100000
-3.4161071650137039e-14	800000	100000
-2.4804918354909995e-14	850000	100000
-1.6174180125452604e-14	900000	100000
-7.9831026892929166e-15	950000	100000
0.0000000000000000e+00	1000000	100000
0.0000000000000000e+00	0	150000
-1.1711088235314529e-14	50000	150000
-2.3703232561282304e-14	100000	150000
-3.6283876580606638e-14	150000	150000
-4.9818430461266094e-14	200000	150000
-6.4773254429504602e-14	250000	150000
-8.1777707504581861e-14	300000	150000
-1.0171182868687602e-13	350000	150000
-1.2581114417523344e-13	400000	150000
-1.5571537244114666e-13	450000	150000
-1.6938745422481626e-13	500000	150000
-1.5571537244114669e-13	550000	150000
-1.2581114417523351e-13	600000	150000
-1.0171182868687609e-13	650000	150000
-8.1777707504581911e-14	700000	150000
-6.4773254429504653e-14	750000	150000
-4.9818430461266120e-14	800000	150000
-3.6283876580606650e-14	850000	150000
-2.3703232561282307e-14	900000	150000
-1.1711088235314529e-14	950000	150000
0.0000000000000000e+00	1000000	150000
0.0000000000000000e+00	0	200000
-1.5158017690682895e-14	50000	200000
-3.0643785303755444e-14	100000	200000
-4.6808924944968157e-14	150000	200000
-6.4055519184816112e-14	200000	200000
-8.2867736970338024e-14	250000	200000
-1.0384906515083609e-13	300000	200000
-1.2775990175159813e-13	350000	200000
-1.5553465730659866e-13	400000	200000
-1.8822438950331332e-13	450000	200000
-2.0295951187539624e-13	500000	200000
-1.8822438950331337e-13	550000	200000
-1.5553465730659874e-13	600000	200000
-1.2775990175159821e-13	650000	200000
-1.0384906515083615e-13	700000	200000
-8.2867736970338074e-14	750000	200000
-6.4055519184816137e-14	800000	200000
-4.6808924944968170e-14	850000	200000
-3.0643785303755451e-14	900000	200000
-1.5158017690682899e-14	950000	200000
0.0000000000000000e+00	1000000	200000
0.0000000000000000e+00	0	250000
-1.8277197223661613e-14	50000	250000
-3.6904966018088424e-14	100000	250000
-5.6252518710694440e-14	150000	250000
-7.6726984362692185e-14	200000	250000
-9.8793109116195289e-14	250000	250000
-1.2299091437682640e-13	300000	250000
-1.4994405586208176e-13	350000	250000
-1.8034319379624966e-13	400000	250000
-2.1487849258058803e-13	450000	250000
-2.3028752855585625e-13	500000	250000
-2.1487849258058805e-13	550000	250000
-1.8034319379624978e-13	600000	250000
-1.4994405586208184e-13	650000	250000
-1.2299091437682645e-13	700000	250000
-9.8793109116195327e-14	750000	250000
-7.6726984362692223e-14	800000	250000
-5.6252518710694446e-14	850000	250000
-3.6904966018088430e-14	900000	250000
-1.8277197223661610e-14	950000	250000
0.0000000000000000e+00	1000000	250000
0.0000000000000000e+00	0	300000
-2.1045805185875143e-14	50000	300000
-4.2446362834242208e-14	100000	300000
-6.4569199517028988e-14	150000	300000
-8.7806790439062894e-14	200000	300000
-1.1258680075492456e-13	250000	300000
-1.3937742737819246e-13	300000	300000
-1.6868221352365278e-13	350000	300000
-2.0101556943573046e-13	400000	300000
-2.3684933465740909e-13	450000	300000
-2.5271933147256705e-13	500000	300000
-2.3684933465740909e-13	550000	300000
-2.0101556943573051e-13	600000	300000
-1.6868221352365283e-13	650000	300000
-1.3937742737819254e-13	700000	300000
-1.1258680075492463e-13	750000	300000
-8.7806790439062919e-14	800000	300000
-6.4569199517028988e-14	850000	300000
-4.2446362834242208e-14	900000	300000
-2.1045805185875140e-14	950000	300000
0.0000000000000000e+00	1000000	300000
0.0000000000000000e+00	0	350000
-2.3459660685596750e-14	50000	350000
-4.7265480615976260e-14	100000	350000
-7.1771126084116420e-14	150000	350000
-9.7344177121605866e-14	200000	350000
-1.2436987608624769e-13	250000	350000
-1.5324978085736624e-13	300000	350000
-1.8439180141860633e-13	350000	350000
-2.1818753576561038e-13	400000	350000
-2.5497442133122705e-13	450000	350000
-2.7117684230530827e-13	500000	350000
-2.5497442133122700e-13	550000	350000
-2.1818753576561026e-13	600000	350000
-1.8439180141860633e-13	650000	350000
-1.5324978085736624e-13	700000	350000
-1.2436987608624772e-13	750000	350000
-9.7344177121605878e-14	800000	350000
-7.1771126084116408e-14	850000	350000
-4.7265480615976260e-14	900000	350000
-2.3459660685596747e-14	950000	350000
0.0000000000000000e+00	1000000	350000
0.0000000000000000e+00	0	400000
-2.5527356940535607e-14	50000	400000
-5.1384772859949696e-14	100000	400000
-7.7905647081854480e-14	150000	400000
-1.0542891587699655e-13	200000	400000
-1.3429874561109413e-13	250000	400000
-1.6486001854641840e-13	300000	400000
-1.9744767552779609e-13	350000	400000
-2.3236835087687749e-13	400000	400000
-2.6987444878705659e-13	450000	400000
-2.8632490937192639e-13	500000	400000
-2.6987444878705659e-13	550000	400000
-2.3236835087687744e-13	600000	400000
-1.9744767552779606e-13	650000	400000
-1.6486001854641835e-13	700000	400000
-1.3429874561109413e-13	750000	400000
-1.0542891587699655e-13	800000	400000
-7.7905647081854467e-14	850000	400000
-5.1384772859949677e-14	900000	400000
-2.5527356940535601e-14	950000	400000
0.0000000000000000e+00	1000000	400000
0.0000000000000000e+00	0	450000
-2.7264994216595982e-14	50000	450000
-5.4840606801432415e-14	100000	450000
-8.3037773506355233e-14	150000	450000
-1.1216709369343176e-13	200000	450000
-1.4253617193471382e-13	250000	450000
-1.7444387218941724e-13	300000	450000
-2.0817053126928215e-13	350000	450000
-2.4396374342704680e-13	400000	450000
-2.8202058975867172e-13	450000	450000
-2.9865961189399841e-13	500000	450000
-2.8202058975867177e-13	550000	450000
-2.4396374342704680e-13	600000	450000
-2.0817053126928210e-13	650000	450000
-1.7444387218941716e-13	700000	450000
-1.4253617193471379e-13	750000	450000
-1.1216709369343172e-13	800000	450000
-8.3037773506355233e-14	850000	450000
-5.4840606801432408e-14	900000	450000
-2.7264994216595979e-14	950000	450000
0.0000000000000000e+00	1000000	450000
0.0000000000000000e+00	0	500000
-2.8692013124415910e-14	50000	500000
-5.7674886622828757e-14	100000	500000
-8.7237746448702295e-14	150000	500000
-1.1766551345566144e-13	200000	500000
-1.4923497624491215e-13	250000	500000
-1.8220876700725453e-13	300000	500000
-2.1682683393286852e-13	350000	500000
-2.5329550180335589e-13	400000	500000
-2.9177503111706167e-13	450000	500000
-3.0855807297243774e-13	500000	500000
-2.9177503111706157e-13	550000	500000
-2.5329550180335584e-13	600000	500000
-2.1682683393286844e-13	650000	500000
-1.8220876700725451e-13	700000	500000
-1.4923497624491210e-13	750000	500000
-1.1766551345566139e-13	800000	500000
-8.7237746448702232e-14	850000	500000
-5.7674886622828706e-14	900000	500000
-2.8692013124415897e-14	950000	500000
0.0000000000000000e+00	1000000	500000
0.0000000000000000e+00	0	550000
-2.9828171658238923e-14	50000	550000
-5.9929180116764313e-14	100000	550000
-9.0572812209963759e-14	150000	550000
-1.2202223743559959e-13	200000	550000
-1.5452945258201880e-13	250000	550000
-1.8832938566182032e-13	300000	550000
-2.2363253565158139e-13	350000	550000
-2.6061639873644667e-13	400000	550000
-2.9941643612425754e-13	450000	550000
-3.1630833204734374e-13	500000	550000
-2.9941643612425739e-13	550000	550000
-2.6061639873644657e-13	600000	550000
-2.2363253565158137e-13	650000	550000
-1.8832938566182027e-13	700000	550000
-1.5452945258201872e-13	750000	550000
-1.2202223743559951e-13	800000	550000
-9.0572812209963683e-14	850000	550000
-5.9929180116764275e-14	900000	550000
-2.9828171658238905e-14	950000	550000
0.0000000000000000e+00	1000000	550000
0.0000000000000000e+00	0	600000
-3.0691493391775471e-14	50000	600000
-6.1640849976025824e-14	100000	600000
-9.3102084838788788e-14	150000	600000
-1.2532117149475436e-13	200000	600000
-1.5853121098574305e-13	250000	600000
-1.9294678740642672e-13	300000	600000
-2.2875752427519017e-13	350000	600000
-2.6612112136659197e-13	400000	600000
-3.0515645878665427e-13	450000	600000
-3.2212809725413652e-13	500000	600000
-3.0515645878665412e-13	550000	600000
-2.6612112136659187e-13	600000	600000
-2.2875752427519007e-13	650000	600000
-1.9294678740642667e-13	700000	600000
-1.5853121098574300e-13	750000	600000
-1.2532117149475436e-13	800000	600000
-9.3102084838788776e-14	850000	600000
-6.1640849976025812e-14	900000	600000
-3.0691493391775465e-14	950000	600000
0.0000000000000000e+00	1000000	600000
0.0000000000000000e+00	0	650000
-3.1296951932837149e-14	50000	650000
-6.2840641556774725e-14	100000	650000
-9.4873505674411271e-14	150000	650000
-1.2762915271888607e-13	200000	650000
-1.6132743245977236e-13	250000	650000
-1.9616902870295328e-13	300000	650000
-2.3232965267616054e-13	350000	650000
-2.6995410366807686e-13	400000	650000
-3.0915065659210706e-13	450000	650000
-3.2617685368160837e-13	500000	650000
-3.0915065659210711e-13	550000	650000
-2.6995410366807671e-13	600000	650000
-2.3232965267616044e-13	650000	650000
-1.9616902870295328e-13	700000	650000
-1.6132743245977233e-13	750000	650000
-1.2762915271888610e-13	800000	650000
-9.4873505674411271e-14	850000	650000
-6.2840641556774737e-14	900000	650000
-3.1296951932837149e-14	950000	650000
0.0000000000000000e+00	1000000	650000
0.0000000000000000e+00	0	700000
-3.1655672782798399e-14	50000	700000
-6.3551258643824693e-14	100000	700000
-9.5922143583195472e-14	150000	700000
-1.2899450124660638e-13	200000	700000
-1.6298033743150705e-13	250000	700000
-1.9807224226945355e-13	300000	700000
-2.3443795405842181e-13	350000	700000
-2.7221498403744771e-13	400000	700000
-3.1150568642256538e-13	450000	700000
-3.2856371857379699e-13	500000	700000
-3.1150568642256538e-13	550000	700000
-2.7221498403744761e-13	600000	700000
-2.3443795405842181e-13	650000	700000
-1.9807224226945355e-13	700000	700000
-1.6298033743150703e-13	750000	700000
-1.2899450124660643e-13	800000	700000
-9.5922143583195485e-14	850000	700000
-6.3551258643824706e-14	900000	700000
-3.1655672782798399e-14	950000	700000
0.0000000000000000e+00	1000000	700000
0.0000000000000000e+00	0	750000
-3.1774480554531743e-14	50000	750000
-6.3786576652530175e-14	100000	750000
-9.6269308767939558e-14	150000	750000
-1.2944637125283706e-13	200000	750000
-1.6352717375019585e-13	250000	750000
-1.9870164888493221e-13	300000	750000
-2.3513493725062575e-13	350000	750000
-2.7296219200072685e-13	400000	750000
-3.1228386267738613e-13	450000	750000
-3.2935236205416303e-13	500000	750000
-3.1228386267738618e-13	550000	750000
-2.7296219200072685e-13	600000	750000
-2.3513493725062565e-13	650000	750000
-1.9870164888493218e-13	700000	750000
-1.6352717375019587e-13	750000	750000
-1.2944637125283709e-13	800000	750000
-9.6269308767939570e-14	850000	750000
-6.3786576652530188e-14	900000	750000
-3.1774480554531750e-14	950000	750000
0.0000000000000000e+00	1000000	750000
0.0000000000000000e+00	0	800000
-3.1655672782798399e-14	50000	800000
-6.3551258643824718e-14	100000	800000
-9.5922143583195510e-14	150000	800000
-1.2899450124660646e-13	200000	800000
-1.6298033743150710e-13	250000	800000
-1.9807224226945370e-13	300000	800000
-2.3443795405842201e-13	350000	800000
-2.7221498403744781e-13	400000	800000
-3.1150568642256553e-13	450000	800000
-3.2856371857379714e-13	500000	800000
-3.1150568642256568e-13	550000	800000
-2.7221498403744787e-13	600000	800000
-2.3443795405842191e-13	650000	800000
-1.9807224226945370e-13	700000	800000
-1.6298033743150715e-13	750000	800000
-1.2899450124660648e-13	800000	800000
-9.5922143583195536e-14	850000	800000
-6.3551258643824731e-14	900000	800000
-3.1655672782798418e-14	950000	800000
0.0000000000000000e+00	1000000	800000
0.0000000000000000e+00	0	850000
-3.1296951932837161e-14	50000	850000
-6.2840641556774750e-14	100000	850000
-9.4873505674411296e-14	150000	850000
-1.2762915271888612e-13	200000	850000
-1.6132743245977248e-13	250000	850000
-1.9616902870295341e-13	300000	850000
-2.3232965267616064e-13	350000	850000
-2.6995410366807696e-13	400000	850000
-3.0915065659210732e-13	450000	850000
-3.2617685368160852e-13	500000	850000
-3.0915065659210732e-13	550000	850000
-2.6995410366807696e-13	600000	850000
-2.3232965267616064e-13	650000	850000
-1.9616902870295343e-13	700000	850000
-1.6132743245977251e-13	750000	850000
-1.2762915271888620e-13	800000	850000
-9.4873505674411347e-14	850000	850000
-6.2840641556774788e-14	900000	850000
-3.1296951932837187e-14	950000	850000
0.0000000000000000e+00	1000000	850000
0.0000000000000000e+00	0	900000
-3.0691493391775484e-14	50000	900000
-6.1640849976025849e-14	100000	900000
-9.3102084838788839e-14	150000	900000
-1.2532117149475444e-13	200000	900000
-1.5853121098574315e-13	250000	900000
-1.9294678740642682e-13	300000	900000
-2.2875752427519027e-13	350000	900000
-2.6612112136659212e-13	400000	900000
-3.0515645878665447e-13	450000	900000
-3.2212809725413677e-13	500000	900000
-3.0515645878665432e-13	550000	900000
-2.6612112136659212e-13	600000	900000
-2.2875752427519032e-13	650000	900000
-1.9294678740642687e-13	700000	900000
-1.5853121098574322e-13	750000	900000
-1.2532117149475451e-13	800000	900000
-9.3102084838788902e-14	850000	900000
-6.1640849976025900e-14	900000	900000
-3.0691493391775509e-14	950000	900000
0.0000000000000000e+00	1000000	900000
0.0000000000000000e+00	0	950000
-2.9828171658238930e-14	50000	950000
-5.9929180116764313e-14	100000	950000
-9.0572812209963759e-14	150000	950000
-1.2202223743559964e-13	200000	950000
-1.5452945258201887e-13	250000	950000
-1.8832938566182049e-13	300000	950000
-2.2363253565158157e-13	350000	950000
-2.6061639873644688e-13	400000	950000
-2.9941643612425785e-13	450000	950000
-3.1630833204734404e-13	500000	950000
-2.9941643612425775e-13	550000	950000
-2.6061639873644688e-13	600000	950000
-2.2363253565158162e-13	650000	950000
-1.8832938566182052e-13	700000	950000
-1.5452945258201900e-13	750000	950000
-1.2202223743559974e-13	800000	950000
-9.0572812209963848e-14	850000	950000
-5.9929180116764376e-14	900000	950000
-2.9828171658238955e-14	950000	950000
0.0000000000000000e+00	1000000	950000
0.0000000000000000e+00	0	1000000
-2.8692013124415910e-14	50000	1000000
-5.7674886622828731e-14	100000	1000000
-8.7237746448702308e-14	150000	1000000
-1.1766551345566149e-13	200000	1000000
-1.4923497624491225e-13	250000	1000000
-1.8220876700725468e-13	300000	1000000
-2.1682683393286867e-13	350000	1000000
-2.5329550180335614e-13	400000	1000000
-2.9177503111706202e-13	450000	1000000
-3.0855807297243815e-13	500000	1000000
-2.9177503111706197e-13	550000	1000000
-2.5329550180335619e-13	600000	1000000
-2.1682683393286874e-13	650000	1000000
-1.8220876700725476e-13	700000	1000000
-1.4923497624491233e-13	750000	1000000
-1.1766551345566159e-13	800000	1000000
-8.7237746448702371e-14	850000	1000000
-5.7674886622828782e-14	900000	1000000
-2.8692013124415929e-14	950000	1000000
0.0000000000000000e+00	1000000	1000000
0.0000000000000000e+00	0	1050000
-2.7264994216595985e-14	50000	1050000
-5.4840606801432408e-14	100000	1050000
-8.3037773506355271e-14	150000	1050000
-1.1216709369343181e-13	200000	1050000
-1.4253617193471387e-13	250000	1050000
-1.7444387218941731e-13	300000	1050000
-2.0817053126928235e-13	350000	1050000
-2.4396374342704710e-13	400000	1050000
-2.8202058975867223e-13	450000	1050000
-2.9865961189399881e-13	500000	1050000
-2.8202058975867213e-13	550000	1050000
-2.4396374342704710e-13	600000	1050000
-2.0817053126928240e-13	650000	1050000
-1.7444387218941744e-13	700000	1050000
-1.4253617193471400e-13	750000	1050000
-1.1216709369343190e-13	800000	1050000
-8.3037773506355334e-14	850000	1050000
-5.4840606801432471e-14	900000	1050000
-2.7264994216596011e-14	950000	1050000
0.0000000000000000e+00	1000000	1050000
0.0000000000000000e+00	0	1100000
-2.5527356940535607e-14	50000	1100000
-5.1384772859949696e-14	100000	1100000
-7.7905647081854493e-14	150000	1100000
-1.0542891587699661e-13	200000	1100000
-1.3429874561109418e-13	250000	1100000
-1.6486001854641853e-13	300000	1100000
-1.9744767552779624e-13	350000	1100000
-2.3236835087687769e-13	400000	1100000
-2.6987444878705695e-13	450000	1100000
-2.8632490937192674e-13	500000	1100000
-2.6987444878705695e-13	550000	1100000
-2.3236835087687779e-13	600000	1100000
-1.9744767552779637e-13	650000	1100000
-1.6486001854641868e-13	700000	1100000
-1.3429874561109433e-13	750000	1100000
-1.0542891587699670e-13	800000	1100000
-7.7905647081854568e-14	850000	1100000
-5.1384772859949746e-14	900000	1100000
-2.5527356940535632e-14	950000	1100000
0.0000000000000000e+00	1000000	1100000
0.0000000000000000e+00	0	1150000
-2.3459660685596756e-14	50000	1150000
-4.7265480615976266e-14	100000	1150000
-7.1771126084116433e-14	150000	1150000
-9.7344177121605942e-14	200000	1150000
-1.2436987608624779e-13	250000	1150000
-1.5324978085736634e-13	300000	1150000
-1.8439180141860638e-13	350000	1150000
-2.1818753576561051e-13	400000	1150000
-2.5497442133122730e-13	450000	1150000
-2.7117684230530857e-13	500000	1150000
-2.5497442133122735e-13	550000	1150000
-2.1818753576561061e-13	600000	1150000
-1.8439180141860664e-13	650000	1150000
-1.5324978085736649e-13	700000	1150000
-1.2436987608624792e-13	750000	1150000
-9.7344177121606042e-14	800000	1150000
-7.1771126084116496e-14	850000	1150000
-4.7265480615976317e-14	900000	1150000
-2.3459660685596779e-14	950000	1150000
0.0000000000000000e+00	1000000	1150000
0.0000000000000000e+00	0	1200000
-2.1045805185875149e-14	50000	1200000
-4.2446362834242221e-14	100000	1200000
-6.4569199517029025e-14	150000	1200000
-8.7806790439062957e-14	200000	1200000
-1.1258680075492466e-13	250000	1200000
-1.3937742737819256e-13	300000	1200000
-1.6868221352365285e-13	350000	1200000
-2.0101556943573058e-13	400000	1200000
-2.3684933465740929e-13	450000	1200000
-2.5271933147256735e-13	500000	1200000
-2.3684933465740939e-13	550000	1200000
-2.0101556943573071e-13	600000	1200000
-1.6868221352365301e-13	650000	1200000
-1.3937742737819271e-13	700000	1200000
-1.1258680075492478e-13	750000	1200000
-8.7806790439063033e-14	800000	1200000
-6.4569199517029076e-14	850000	1200000
-4.2446362834242259e-14	900000	1200000
-2.1045805185875171e-14	950000	1200000
0.0000000000000000e+00	1000000	1200000
0.0000000000000000e+00	0	1250000
-1.8277197223661623e-14	50000	1250000
-3.6904966018088443e-14	100000	1250000
-5.6252518710694472e-14	150000	1250000
-7.6726984362692248e-14	200000	1250000
-9.8793109116195352e-14	250000	1250000
-1.2299091437682647e-13	300000	1250000
-1.4994405586208184e-13	350000	1250000
-1.8034319379624983e-13	400000	1250000
-2.1487849258058820e-13	450000	1250000
-2.3028752855585645e-13	500000	1250000
-2.1487849258058828e-13	550000	1250000
-1.8034319379624994e-13	600000	1250000
-1.4994405586208194e-13	650000	1250000
-1.2299091437682657e-13	700000	1250000
-9.8793109116195428e-14	750000	1250000
-7.6726984362692286e-14	800000	1250000
-5.6252518710694516e-14	850000	1250000
-3.6904966018088475e-14	900000	1250000
-1.8277197223661638e-14	950000	1250000
0.0000000000000000e+00	1000000	1250000
0.0000000000000000e+00	0	1300000
-1.5158017690682902e-14	50000	1300000
-3.0643785303755463e-14	100000	1300000
-4.6808924944968188e-14	150000	1300000
-6.4055519184816162e-14	200000	1300000
-8.2867736970338099e-14	250000	1300000
-1.0384906515083619e-13	300000	1300000
-1.2775990175159826e-13	350000	1300000
-1.5553465730659876e-13	400000	1300000
-1.8822438950331342e-13	450000	1300000
-2.0295951187539632e-13	500000	1300000
-1.8822438950331342e-13	550000	1300000
-1.5553465730659879e-13	600000	1300000
-1.2775990175159826e-13	650000	1300000
-1.0384906515083622e-13	700000	1300000
-8.2867736970338137e-14	750000	1300000
-6.4055519184816175e-14	800000	1300000
-4.6808924944968214e-14	850000	1300000
-3.0643785303755482e-14	900000	1300000
-1.5158017690682917e-14	950000	1300000
0.0000000000000000e+00	1000000	1300000
0.0000000000000000e+00	0	1350000
-1.1711088235314532e-14	50000	1350000
-2.3703232561282313e-14	100000	1350000
-3.6283876580606657e-14	150000	1350000
-4.9818430461266120e-14	200000	1350000
-6.4773254429504653e-14	250000	1350000
-8.1777707504581924e-14	300000	1350000
-1.0171182868687610e-13	350000	1350000
-1.2581114417523349e-13	400000	1350000
-1.5571537244114669e-13	450000	1350000
-1.6938745422481626e-13	500000	1350000
-1.5571537244114669e-13	550000	1350000
-1.2581114417523349e-13	600000	1350000
-1.0171182868687609e-13	650000	1350000
-8.1777707504581949e-14	700000	1350000
-6.4773254429504678e-14	750000	1350000
-4.9818430461266145e-14	800000	1350000
-3.6283876580606676e-14	850000	1350000
-2.3703232561282326e-14	900000	1350000
-1.1711088235314541e-14	950000	1350000
0.0000000000000000e+00	1000000	1350000
0.0000000000000000e+00	0	1400000
-7.9831026892929181e-15	50000	1400000
-1.6174180125452610e-14	100000	1400000
-2.4804918354909995e-14	150000	1400000
-3.4161071650137039e-14	200000	1400000
-4.4629142781832493e-14	250000	1400000
-5.6776681751110765e-14	300000	1400000
-7.1498561316090707e-14	350000	1400000
-9.0282718266312384e-14	400000	1400000
-1.1562897805169975e-13	450000	1400000
-1.2744527442728966e-13	500000	1400000
-1.1562897805169978e-13	550000	1400000
-9.0282718266312397e-14	600000	1400000
-7.1498561316090719e-14	650000	1400000
-5.6776681751110784e-14	700000	1400000
-4.4629142781832500e-14	750000	1400000
-3.4161071650137058e-14	800000	1400000
-2.4804918354910014e-14	850000	1400000
-1.6174180125452623e-14	900000	1400000
-7.9831026892929260e-15	950000	1400000
0.0000000000000000e+00	1000000	1400000
0.0000000000000000e+00	0	1450000
-4.0471423964045314e-15	50000	1450000
-8.2054668963252092e-15	100000	1450000
-1.2600545063443691e-14	150000	1450000
-1.7391795002539559e-14	200000	1450000
-2.2805563296577508e-14	250000	1450000
-2.9201315401937961e-14	300000	1450000
-3.7223016560063580e-14	350000	1450000
-4.8192189522225640e-14	400000	1450000
-6.5263023262526582e-14	450000	1450000
-7.3421401666657123e-14	500000	1450000
-6.5263023262526595e-14	550000	1450000
-4.8192189522225652e-14	600000	1450000
-3.7223016560063580e-14	650000	1450000
-2.9201315401937961e-14	700000	1450000
-2.2805563296577508e-14	750000	1450000
-1.7391795002539565e-14	800000	1450000
-1.2600545063443699e-14	850000	1450000
-8.2054668963252139e-15	900000	1450000
-4.0471423964045354e-15	950000	1450000
0.0000000000000000e+00	1000000	1450000
0.0000000000000000e+00	0	1500000
0.0000000000000000e+00	50000	1500000
0.0000000000000000e+00	100000	1500000
0.0000000000000000e+00	150000	1500000
0.0000000000000000e+00	200000	1500000
0.0000000000000000e+00	250000	1500000
0.0000000000000000e+00	300000	1500000
0.0000000000000000e+00	350000	1500000
0.0000000000000000e+00	400000	1500000
0.0000000000000000e+00	450000	1500000
0.0000000000000000e+00	500000	1500000
0.0000000000000000e+00	550000	1500000
0.0000000000000000e+00	600000	1500000
0.0000000000000000e+00	650000	1500000
0.0000000000000000e+00	700000	1500000
0.0000000000000000e+00	750000	1500000
0.0000000000000000e+00	800000	1500000
0.0000000000000000e+00	850000	1500000
0.0000000000000000e+00	900000	1500000
0.0000000000000000e+00	950000	1500000
0.0000000000000000e+00	1000000	1500000
